426158
2261774
3625819
3651853
4105734
4533711
5432143
5891043
6389863
6425357
6484690
6660284
7798815
7864574
8102805
8196320
8874103
9244421
10147333
10491523
10802133
11711309
11782383
11833257
12388607
12418635
13404198
13471012
13795662
13977558
16116905
16197962
17432276
17561069
17826316
19189708
19432700
19652420
19867139
19908834
20345580
20661496
21308263
21662672
21920882
22129987
22180906
22467430
22676980
22919692
23068792
23131445
23725589
23946158
24282736
25335203
25478793
25535393
25588090
25862741
27537008
27545407
27644419
27658524
27843626
27883686
28081931
28988338
29603757
29668285
30329086
30582655
31053910
31614236
32477045
32546964
32566748
32708469
33591551
33755332
34481673
35113174
36627607
36720796
36992262
37099107
37799161
37801359
39709599
40350514
40488029
41340849
41532607
42080422
42109400
42285038
42558839
43429786
43762205
43927089
44025452
44346571
45378109
45651087
45661494
46001881
46160462
46174217
46367244
46596715
47105016
47113726
47774266
48169221
48510759
48521233
48613932
50524222
50664210
51011127
51024680
51528801
51916866
52032704
52045159
52261784
52434910
53023160
53116410
53286924
53301294
54304222
54315745
54793195
54842110
54914985
55593430
55658523
55743734
56202579
56482945
57079461
57323861
58215662
58228859
58324338
58548553
59410663
59563791
59897801
60140449
61312376
61596615
61656835
61708135
62648663
62680539
62967303
63735767
63963078
64031818
64357265
65310009
66058804
66755950
67109480
67295286
68033259
68409379
68648572
69407484
69464424
70231825
70497114
70746615
71055802
71251536
71495957
72197706
72261951
72501302
72541657
72601169
74044148
74422297
76532862
77740082
77907704
77914967
78916728
78987065
79715401
80483381
81804573
82544471
83384444
84596738
84820254
85133982
85555671
85837110
86011233
86050699
86473065
87784968
89181429
89817013
89873419
89881381
90504716
90642496
91048322
91622598
91925702
92192643
92482751
92705222
93431452
94275142
95337058
95397895
95708099
97335644
97363256
97793371
98411484
98716890
98738784
98929137
98943635
99809623
99979592
100293630
100338191
100679092
102646973
103213441
103715848
104285851
104400774
104527981
104947508
105277090
105933918
105969278
106297595
106377715
106379386
106654789
106675523
107198261
107356480
107884734
108100089
108536576
108719973
108854963
108973716
110089914
111315903
112264387
113361536
113464232
113681521
113771694
114134070
114334377
114727806
114965206
115236116
115623240
115674009
115867921
116243536
116959965
117742439
118140337
118184832
118327571
118655435
118663727
119133006
119212389
119522438
119744735
120045340
120241637
120863349
120946419
121642540
122045941
122089362
122204407
122238581
122379775
123151577
123466863
123894160
124422711
124689097
125213722
125861998
126649730
127574857
128939303
129232266
130006373
130143743
131493535
131993921
132808212
133269482
134334809
134665608
135130331
136144617
136275945
136454850
136496084
137670935
138084964
138132525
138371131
139428650
140004726
141095817
142036846
142239971
142364162
142832995
143603306
143933447
144076352
144202253
144896381
146016624
147059003
147230739
147306119
147478940
147597338
148074245
148471149
148902224
150231736
150251837
150666098
151254050
151415361
152012652
152237958
152323219
152497151
152781514
152981220
152981924
153215072
154186300
154460079
154966089
155017359
155521202
155929957
157617491
157849937
158107908
158203994
158415190
159290715
160512096
160663106
161330135
161530771
161623292
161780702
163042871
163084937
163256640
164925789
165229330
165508279
166383230
166943797
167209524
167224126
167556509
168215795
168341460
168960933
171541360
171588856
171743235
172130747
173541312
173992287
174014744
174453206
175388051
175842139
176567867
177122568
178056003
178104685
178138852
178236717
178500052
178861676
179101159
180827941
180876151
180914463
182563844
182765855
184420740
184755666
184761062
185189075
185378548
185769498
187469644
187483642
187815115
187821200
188400433
189199906
190646709
191270115
191816671
192413332
193569550
193586078
194036868
194071664
194201156
194345250
194482310
194632470
194966112
195290334
195363518
196796027
196885268
197201251
197375993
198620560
199360510
200069608
200095146
200306412
200370905
200752815
201299086
201385757
201475633
201807543
201960928
202388124
202688906
203302464
203728622
205388365
206301613
206395524
206631629
206881472
207817996
208087827
208320666
208507174
208668857
208811123
208864049
209274448
210792342
210849959
211637378
212621986
212951340
212986617
214746471
215050973
215272344
215360480
215537400
215795861
216512193
216754601
217264431
217821434
217951622
218605982
218994457
219708668
220200028
220242339
220838224
221506372
221527576
222935021
223544838
225258945
225302376
225326349
225581136
227194341
227381420
227404221
228986005
229127027
229277495
229324996
229750745
230271875
230343980
230411341
230878938
230985782
231634380
231914147
233154190
233282930
233314477
234100542
234580308
234881080
234883140
234924665
234984407
235347712
236022875
236914833
237334193
237385187
237530800
238146554
240511370
240735129
240955594
241263043
241689727
241728170
242434633
242536505
243736168
243766860
244079532
245175535
245296758
245818845
245913918
246623125
246669268
246714796
246985781
247082124
247609117
247750910
247905191
248031806
249164897
249236877
249804532
250332393
250394593
251484012
251635670
251789737
252817722
252853689
253208642
253249124
253465937
253512330
253738641
254190341
254244113
254485144
254788609
255230407
255367079
255553016
255638977
257523804
258027276
258199454
258448005
258600880
258649048
260481731
260524408
260871950
261235075
261318922
261530068
261867794
262363606
262444582
262845767
263363741
264301112
264476413
264568364
265236089
265276779
265908801
266375656
266512914
266673618
267493373
268356159
268490207
269193061
269276680
270050371
270221236
270335610
270624687
270714685
270746623
270946849
271082478
272052574
272087794
272452336
272474554
272846259
273637541
274178011
274381958
275072825
275186337
276457018
276921456
277160708
277732144
278472236
278517620
278783987
278796732
278907804
280005651
280035756
280680438
281301568
281380292
281558570
281708444
282207934
282363626
282545046
282656571
282855362
283361113
283394388
283541603
283933551
284212004
284247628
284401082
284751921
285203051
285813195
285865118
285865238
285884080
286131527
286375536
286571194
286601402
286732228
286737544
287354098
287828996
287933590
288809992
289902770
290115348
290437264
290868336
291283850
292060569
293048480
293721975
294912073
294986917
295096198
295106423
295943468
296885775
297087540
297288832
297552644
298297641
298430184
298477310
298517794
298869823
299688036
299739991
300775048
301319646
301487951
301889137
301943190
302603865
303026473
303314603
303802839
303934883
304210879
304471029
304921156
305038628
305269820
305390065
305634146
305737861
306196476
307474054
307525823
307792699
307808887
308036795
308636451
308679991
308958506
309534668
310055059
310570629
311821966
312931069
313014678
313156642
313478256
313628380
313717594
314055322
314334869
315972164
317178639
318144358
318164671
318815878
319120041
319340160
319785297
319933359
320466682
321719448
321866316
322054575
322295493
322326368
322526633
322754450
322934414
323041190
323755887
324182779
324317662
324569696
325043213
325840483
326632540
327146924
328466013
328626987
328941942
329104525
330178072
330179128
330224161
330253994
330302698
330450782
331127989
331232075
331576775
331844834
331969320
332515597
332609396
333989606
334765274
335354081
335970841
337206693
337290902
337598459
337931806
338360675
338521467
338874744
339112096
339128983
339319509
339503013
339946821
340035089
340375811
340489975
340896348
341156962
341229493
341303699
341501255
341616583
341816651
342014071
342795251
344389139
344624140
346168738
346228625
346450227
346976907
347056827
347341449
347643808
347880462
348477547
349023579
349534261
349665897
349793855
350232777
351320801
351639218
352067374
352127808
352138685
352570651
353649451
353798070
354252739
354721522
354842966
356037717
357290937
357423978
357696118
357816444
357910193
358061020
358259955
358495426
359014202
359219434
359601429
360157960
361212166
361562658
363120240
363484758
363907913
364184654
364197081
364620355
364986846
365616915
365898306
365961989
366055319
366379134
369113601
369712560
370001846
371112654
371702837
371813207
371882513
372620536
372715148
372788384
373050227
373328407
373854295
374755105
374819653
376028689
377204338
377650894
377906442
378341745
378789016
378796208
378980009
379206993
379406881
380042464
380603519
380760291
380846390
381070227
381290507
381559314
382000187
382925252
383857254
383949420
384009123
384245858
384294060
384544507
384695661
385114320
386925649
387446738
387770968
388517278
388567996
389576451
389695726
389965479
390625494
390769308
390904439
391173078
391212841
391302031
391667466
392834579
392935145
393087771
393828113
394180582
394341761
394533169
394582343
394800571
394852969
395092296
395552713
396022716
396698243
397316236
397558862
397734244
397788583
398387671
398706146
400386691
400493959
401739966
402004250
402230619
402241788
402267844
402288485
402447089
403679482
403861585
404069240
404659859
405305988
405349285
405764149
406114014
406639688
407072581
407457106
408027902
408280790
408422551
408617784
408693546
408970545
409123487
409985154
410476867
410676365
410880882
411045945
412152998
412214693
412775234
413526393
413912898
415256576
415793857
417400505
417460025
417647207
418439472
418663409
419613229
420128597
420923731
420978850
421328573
421622723
421777235
421802012
421808315
423935905
424434823
424543022
426339337
427325852
427718436
427959022
428142641
428523580
428885811
429597663
429637963
429682292
430478645
430711242
431038040
431534879
431853753
432437046
433770530
434740980
435171535
435588676
435770984
436309267
436506113
436655213
436759808
436900072
437709548
438234109
438286305
438569149
438881188
439778107
440031165
440353018
441184743
441375413
443213122
443678891
444442934
444487507
444552442
444723456
444751445
445112037
445122419
445187275
446847378
447745075
448242730
448433950
449089747
450230001
450415042
450726769
451187196
451613228
452624838
453307423
453330983
453402900
453624897
455562335
455988129
456668940
457645538
457699312
458182619
458668360
458735700
459928968
460082775
460421847
460700696
460860069
461383568
461501347
462071917
462713693
464072022
464392600
464525604
465236660
465607081
465700331
465709254
466101883
466671186
466952077
467955341
468299684
468333376
468849857
470064937
471005799
474060711
474783186
475053189
475487319
475565649
475601963
475634963
475768390
475931763
476365533
476431618
476513716
476584472
477343651
477748579
477966754
478054885
478267654
478856561
479333808
479463269
479831034
480844025
481390966
481433531
481648384
482095584
482307869
483630896
483850296
484408864
484910373
485025269
485427958
485974059
486561424
487043827
487328333
487387256
487600041
487797459
487996690
488449981
488472137
488578229
488957161
489328672
489534289
490082612
490545369
491009271
491239992
491240725
492760781
493705047
494226812
494269164
494718835
495749015
495958209
496660041
498060938
498285149
498693318
498747966
498836758
499382007
499487100
499708430
499759251
499955259
500029425
500570804
500879939
501395409
502290008
502506989
503143350
503180274
503279967
503363616
503648446
503739501
504130482
504377689
504583750
505523361
506123091
506300581
506353836
506662809
506881206
506941093
507963359
508062596
509048427
509123691
509606487
509957466
509965828
510099692
510673207
511672326
511960336
512119437
512341677
512431725
512472144
513206375
513618076
513764427
514728902
515026692
515912865
515987664
516513577
516919940
518476751
518551973
518955432
520520332
520792266
520941148
521379680
522227469
522444096
523971785
524054038
524093490
525184829
525416894
525970532
526078019
526240701
526782415
526829998
527070937
527334825
527614786
527839579
528802727
529535667
529924132
529982214
530444073
530573897
531039477
531334813
532760891
533440088
533752033
533857024
534094603
534420606
534898959
535433033
535458005
535951782
536392889
536695926
537438110
537765869
538825296
539424140
539748304
540643607
541624606
542361571
542391130
542975228
543426164
543662743
544086381
544929506
545269359
545526338
546059416
547380402
547457662
547506037
547898947
548592827
548983414
549027550
549562082
549994369
551254307
551725014
553498476
554603941
554917766
555130858
555219450
555913909
556133605
556169363
556403829
557180381
557215440
557612866
559599417
559739642
559909760
560095308
560283847
560613454
560711254
560955609
561235533
561268391
561575298
561712027
561724986
562457291
563167914
563310141
564057975
564133689
565546963
565805183
565984627
567646231
567803242
568388226
568809774
568988454
569056384
569469170
570181891
570475116
570959498
571182318
571279136
571382427
571552073
571648562
572539699
573008326
573062934
574089729
574287932
574509284
575186755
575392901
575662020
575727970
575984096
576008800
576870754
577310448
577437723
577567429
577721406
577944969
577970878
578801273
579682119
579952121
580124296
580170521
580640453
581526250
581932038
581985961
582589707
582794880
583733687
584243501
584399314
584779749
584912720
585066785
585395717
585909799
585970499
586409709
586500078
587004037
587230708
587695346
587736013
588155688
588328789
588568082
589300236
589857941
591239524
591283976
591294465
591673583
592981565
593447204
593908092
594309440
595966634
596278143
596451407
596581587
597356288
597376894
597684427
598311952
598957822
599563644
599815312
601363369
601499483
601912590
602725274
603481860
603596195
604732266
605071669
605546432
605555638
605807646
605904569
607250258
607281993
608008086
608717693
610217794
610432677
610827055
611479831
613526086
614060958
614555004
614651747
615166142
615278845
615892740
616944655
617014315
617282741
617489963
617825885
618331479
618449642
618551781
619020545
619675089
619702846
620126981
620318845
620331607
620608923
620647011
621288536
622554213
622761463
622899555
623180054
623781807
624417007
624580242
626138372
626268973
626342230
626973639
627154312
627726387
628003539
628353983
629142285
629698943
629785659
630225549
630729561
630953357
631655913
632596248
633110288
633185450
634126115
634318209
634390488
634492292
634922707
635214719
635234792
635515953
635698245
636039351
636335067
636782102
637783289
637810512
638145161
638366066
638695798
638990711
639008891
639027412
639335324
640320116
640607040
641154962
641849283
642158327
642262850
642854314
643111264
643680851
643916945
643988143
644049197
644350722
644841548
645164672
645357569
645407908
645411796
646135515
646328679
646971351
647264677
647707863
647711547
648217451
648409473
648473464
648528696
649133420
650095618
650195759
651372246
652429008
653480592
653560772
653679312
654842657
654951998
655995261
657096308
658160647
659492104
659504422
659590603
659694993
660219813
660590642
661001726
661088732
661169806
661524356
661579781
661990386
662398140
663031174
663033336
663260739
663365610
665330826
665648413
665902590
665914141
665991932
666108587
666442091
667375822
667923346
667994649
668110510
668246567
668368321
668752541
668875819
670087664
670896298
671001641
671027153
671412889
673109005
673611518
673957979
674237976
675392249
675948567
676072166
676306830
677431293
678018835
678325657
678809864
679427313
679567368
680067430
680084639
680085483
680493241
680831899
681361521
681375185
681604532
682828078
683533383
685297722
685965275
686478248
687827283
689140389
689472860
689955831
690915149
691281431
691772274
691791823
691878645
692299779
692334190
692854329
693318627
694553846
695164213
695423721
695436931
695557211
696338105
696842185
697077190
698649203
698681205
698899742
699256948
699591818
700311183
700553301
700660137
701841235
702167291
702296147
702599880
702622530
702736194
702962881
703149481
703358021
704027054
705269792
705915491
705966993
706028357
706328254
706613551
707607344
707692290
707982201
708513981
709699163
710305650
711259428
711484900
712166518
712550059
713863626
714048422
716421283
716616054
717123132
717683134
717966571
719106181
720435733
721052212
721290960
721330563
721357674
721364586
721624460
722228804
722664811
722783584
722991694
723191565
723642205
724287727
725488259
725797355
726367371
726456108
726513630
726660165
727532635
728704765
729910099
730780383
730893396
731409959
733181846
734350023
734491595
734761034
735402069
735753373
736099809
737105697
737847964
738100829
738368139
739527531
740458052
740685980
741494081
741558450
741623622
741636180
741715519
741893781
742269553
742512322
742683372
742991414
743207525
743979910
744583791
744681554
745123106
745494415
745775084
745941635
746107339
746493486
746515753
746976893
747300666
747850020
747869467
747969532
748005040
748228805
748395942
749039540
750186432
750445977
750652913
750716327
750988656
751120177
751282414
752518914
753473214
754228617
754691264
755538420
755691087
756236168
756950819
757624678
757625831
757652757
758880024
759257581
759720733
759806092
759951798
760091217
760145987
760444292
760886618
761328991
761608917
763362960
763460222
764289861
764408347
765720000
765853644
766067734
766154969
766206365
767026080
767496101
768184503
768727844
769067201
769560884
769777467
770189524
770357941
770416509
771747695
771951447
772946981
773587573
774742714
775126955
775858177
775987552
776123226
776676043
776688384
776770822
777248731
777304103
777880990
777936517
778039622
778093108
778843947
780316895
780391146
781755962
782545514
782700414
783340567
783631607
783750576
783826308
783842789
784327236
784455613
784593612
785204957
785260390
785292025
785739069
785755023
785909912
785934344
786272046
786723314
787799162
787934157
788166154
788378723
789296829
790800897
791496297
792577765
792754005
792911844
793040148
793618636
793761919
793765232
794478082
794530751
794729735
794919032
795490778
796051565
796102967
796162159
797837152
798328843
798340109
798558778
800231810
800710659
800871123
801440259
802128544
804012134
804582663
804943871
804990903
805286422
805552923
806308873
806453766
806806792
806902803
807485066
808007011
808597012
809191146
809394336
810719477
810975427
811104773
811251644
811436234
812267141
812372117
812466430
812634598
812997844
814141706
814435632
814454727
814881129
815182976
815514254
815616052
815655267
816826863
817216875
817256727
817347040
817581530
817840754
817934748
818188325
818299834
818324108
818592576
820704070
821130296
821241915
821590479
822951076
823365372
823623379
824138850
824571728
824690021
825353223
827103054
828099173
828956501
829711544
829734502
830658329
831349320
831431788
831706753
831805737
833606658
833636191
833636412
833829215
834099228
834264579
834728805
834789266
835508922
835541397
835935080
835969504
837675486
837857766
838115540
838120089
838180394
838423216
838572880
838771353
839386169
840098484
841716597
841797740
841967404
843279617
843821615
844402642
844566978
845380953
846155613
847181426
847257017
847522971
848314653
848750106
848755745
849096797
849242789
849263201
849525268
849731381
850688983
851265223
851315948
851513666
851931190
852247639
852730172
852942133
853118936
853325710
853466122
853640402
853739383
853860217
854340223
855101341
855328104
855723340
855973048
857380337
857672053
857772752
857949644
857987833
858283463
859084650
859292360
859492479
859515869
859662478
859853653
860088312
860244919
861046109
861243312
861795649
862833430
862917037
863367277
863788333
863813259
864142509
864168569
864593619
865095581
865108917
865227520
865428214
865534104
865553958
866376041
866393558
866989075
867261181
867562354
867747712
867989049
868247398
869784010
869839608
870601312
870823772
870860452
871248697
871993694
872501255
873060147
873784614
873981121
874010994
874078760
874605968
875053634
875171821
875895589
876113712
877466948
879906382
880367634
880406478
880741257
880797775
881108611
881205472
881606584
882750593
882994227
883548298
883809628
884617922
884741356
885511773
885659977
885700190
885791872
886062490
886769508
887415444
887446459
887470915
888708089
890301450
891675909
891890054
892231243
892254721
892698983
892727454
893157023
893832179
893901331
894286042
895321003
896101710
896167619
896318990
896924281
896992677
898397972
899073684
899540254
899885218
900450042
900634789
900982519
901222942
901721228
902166418
902516226
902581747
903105276
903323762
903447301
904029655
904181558
904568874
904957491
905197964
905218276
905241760
905385678
906394823
906728780
906921411
906997728
907286984
908054949
908476737
908884978
908983389
909222541
910577297
910873757
911092007
911454047
912001906
912106931
912333663
912526120
912648608
912667216
913614798
915013401
915798346
915957642
916237008
916458840
917787793
917840913
917901862
918239873
918350367
918773842
919566382
919747860
920077276
920213063
920518105
920679724
921794463
922686799
923431759
923448869
923767329
924246046
924353940
924729190
925034890
925134473
926665561
926727323
926824061
927274014
927434717
929087927
929092702
929736334
929782183
930430394
931024078
931069460
932027363
932047532
932486603
933104258
933191828
933272325
933892446
934491595
934502689
934780560
935422148
935949968
937027753
937841308
938702139
938896706
938898634
938946691
938994013
939366013
939505275
939962312
940276597
942076705
942125005
942746176
943707215
943903056
944631638
944835885
945180435
945334297
945904112
946200345
946866065
946972808
947004167
947335629
947364687
947507759
948439850
948499537
948500947
948547178
948752782
949379945
949591973
949758406
950249034
950752213
952288240
953512769
953682160
953800691
954127723
954425651
954813858
954844476
954853726
955875004
955875253
956963973
958234157
958476537
959472195
959972859
959985177
961288092
961920162
964318300
966550741
966599086
966676232
967253006
967445244
967464268
968487153
968949920
969263365
969471628
970853875
970885006
970998065
971055329
971247102
973066278
973379556
973435350
973456197
973810059
974130945
974186990
974345555
974634706
974989604
975992915
976155979
976527774
976768201
977289153
977512337
977952299
978043607
978657923
978927996
979039241
979204311
980071661
980081430
980097205
980625565
980857137
981425410
981446705
981814624
982947429
982957539
983517095
983570566
983881502
984095323
984746724
985394904
985424448
986485667
986726876
987172234
987309347
987822836
988107692
988145064
988172121
988285330
988680593
988829735
989464678
990448217
991273757
991506130
991689353
991858196
992051381
992386976
993626056
993626227
993744226
994331277
994977184
995223353
995264562
995429285
995693692
996190888
996268998
996705973
996745421
998076465
998381136
998676946
999646311
999764166
1000338849
1000788879
1000964109
1001360690
1002143270
1002487538
1002588651
1002739345
1002996289
1003017414
1003342317
1003655243
1003926530
1004320572
1004370762
1005372438
1006570063
1006736212
1006901377
1007223506
1007365590
1008075845
1008740557
1008941995
1008971665
1009122131
1009221955
1009401214
1009421793
1009985107
1010308113
1011724951
1011896870
1011961917
1012191996
1012351430
1012622328
1012691098
1013198766
1013224111
1013549052
1013692405
1013805941
1013846398
1014986799
1015560831
1015563214
1015882263
1015975255
1016353395
1016898067
1017092141
1017635737
1018305214
1018410566
1018701721
1018708990
1019535272
1019667201
1019714545
1019732494
1020293450
1021775616
1021928977
1022328315
1022826811
1022907570
1022968089
1023580590
1023676169
1023826252
1024048542
1025072905
1025299193
1025578909
1025738542
1026012427
1026035445
1026592557
1027216870
1027532829
1027584590
1027886688
1028438854
1028677669
1029341842
1029715657
1030100071
1030191058
1031931093
1032030938
1032898248
1033145633
1036036942
1036083716
1036449329
1036641744
1036801767
1036895970
1037370781
1037773382
1038045325
1038168841
1038371353
1038697438
1039151210
1039177580
1039663703
1040246258
1040303179
1040386813
1040643992
1040827461
1041068578
1041432828
1042511605
1042955827
1043283278
1044155262
1044364703
1044447300
1044592904
1045063837
1046017858
1047624163
1047950781
1048749339
1049202750
1049614129
1049733884
1050157997
1050697452
1051430400
1051532148
1052247711
1052642596
1053188658
1053770276
1054012993
1054692109
1054794934
1054823820
1054861183
1055172403
1055390257
1055407090
1055881849
1055893110
1055945265
1056851858
1056921057
1057230418
1057840634
1058183143
1060570527
1060668451
1061168943
1061244388
1061868236
1062269882
1062453048
1063940184
1064919135
1064991994
1065617008
1066094212
1066409038
1066536548
1066581738
1066615159
1066713749
1067230503
1067364633
1067483705
1068491617
1068517492
1069550081
1069681711
1070644609
1070811149
1071874847
1073135076
1074052854
1074626109
1075232192
1075819322
1075882459
1076843839
1077274888
1078915434
1079733802
1079897019
1080518576
1080851221
1081549292
1081570807
1082291567
1082320099
1082877265
1083528388
1083627829
1083718806
1084190840
1085123982
1085729329
1085994402
1087847579
1088494489
1088576641
1089300635
1089344795
1089641459
1089776876
1090072283
1090363803
1090755444
1090829483
1090854416
1091179639
1091508142
1091735306
1092190648
1092308118
1092338984
1092562146
1093056482
1093106152
1093127083
1093831721
1094110788
1094174752
1094677106
1095216802
1095260067
1095296404
1095452163
1095508131
1096539545
1096940630
1097427971
1097786284
1097871562
1098191148
1098285781
1098294617
1098784316
1098791082
1098927117
1098939147
1099841597
1100011698
1100118363
1100295426
1102121167
1102708726
1103190415
1103841795
1105150465
1106016882
1106266197
1106954205
1107413388
1108067114
1109590707
1110029531
1110649018
1110942839
1110996805
1112754886
1112813533
1112892859
1113235732
1113475217
1113610162
1113824286
1113845850
1115366892
1115380922
1115641825
1115669828
1115813177
1117219358
1117679433
1117942777
1118028754
1118202789
1118489232
1118529592
1119362681
1119531669
1120139855
1120418726
1120737042
1120791308
1121106978
1121820479
1121882927
1121947029
1123579518
1124025312
1124532499
1125416969
1125475886
1125901532
1125961257
1126380102
1127785680
1128046913
1129163596
1129410029
1129465981
1130537665
1130839359
1130907534
1131787133
1131999490
1132010102
1133163613
1134234277
1134259340
1134393004
1134719985
1134904210
1134984722
1135661726
1135711769
1135818489
1135877645
1135910163
1136094970
1136753049
1136962040
1137003700
1137244730
1137397696
1137439463
1138185261
1138186570
1138552135
1139282883
1139326257
1139503823
1139864683
1140200044
1140701603
1140870856
1141200390
1141512494
1142117527
1142251581
1142322333
1143205691
1144201590
1144479825
1144524893
1144682052
1145044370
1145373781
1145396539
1145864448
1145933277
1146746848
1147041463
1147701804
1147911491
1148219360
1148750844
1148930234
1149135426
1149406493
1149794925
1151337872
1152436303
1153171809
1153528795
1153562055
1154724526
1156747843
1157053458
1158126305
1158327118
1158599571
1159649976
1160311676
1160833665
1161224697
1161854678
1162073936
1163396135
1163549116
1163721964
1164625469
1164774336
1164804814
1164865786
1165327729
1165652059
1166051074
1166347917
1167178081
1167367763
1167755010
1168022163
1168052886
1169253775
1170313214
1170938813
1171490381
1171569052
1172168377
1172395050
1173458238
1173731337
1173742463
1173785803
1174337551
1174661582
1176075311
1176198407
1176649276
1176772723
1178379797
1178752017
1179058359
1179615040
1180991085
1181032345
1181786658
1181941350
1182038199
1182061851
1182165775
1182499964
1182824433
1183081795
1183493207
1183738150
1183740779
1183964934
1184046389
1184431321
1185755490
1185929861
1186699339
1188092932
1188382312
1188972838
1189066650
1191238008
1191568807
1192144399
1192554313
1192953232
1193137584
1193591513
1193597469
1194059449
1194180428
1194445683
1194773379
1195360661
1195569324
1195630173
1195986768
1197067778
1197584666
1197781064
1197929302
1198327352
1198660851
1199182607
1199655456
1199666012
1199719382
1200626149
1201089249
1201611812
1202211050
1202480772
1202628019
1202841097
1202866515
1203401826
1204083024
1204214448
1204358987
1204361649
1205079281
1205099793
1205511040
1205753246
1207292594
1207564787
1207800902
1208370588
1209151242
1209176249
1209350672
1209586685
1210121711
1210904757
1211726992
1211806092
1211911292
1212389996
1212857309
1212952126
1213021008
1213113041
1213469529
1213990867
1214765575
1215045074
1215158065
1215271369
1215468103
1215685304
1216471523
1216606306
1216795678
1216820518
1217616497
1217634451
1218056628
1218431609
1218890181
1219174648
1219251538
1219269046
1219310285
1219417447
1219485313
1219694017
1220284864
1221555147
1221846918
1222173509
1222451500
1222584302
1222758337
1222962457
1223165265
1224333046
1224647811
1224851997
1225709051
1226101788
1226487518
1227888171
1228230273
1228486571
1228937219
1229113917
1229144144
1230059899
1230262551
1230998365
1231348414
1232177973
1232809859
1233845992
1234178887
1234819182
1235710396
1236112127
1236536462
1236588166
1236688599
1236946306
1237156103
1237214193
1237478865
1238089524
1238519605
1238743201
1239590867
1239906982
1240613660
1240731801
1241329757
1241644535
1241878867
1242326793
1242378861
1242401924
1242457441
1242627828
1242992201
1243322497
1243436988
1243612841
1243679140
1243992328
1244742787
1245116605
1247347425
1247523227
1247706332
1248709366
1248744133
1248927580
1249455115
1249925878
1250275325
1250970606
1251718635
1251835643
1252011795
1252038597
1252587108
1253078197
1253168490
1253993044
1254211025
1255283165
1255447860
1256072954
1256263723
1256458992
1256842216
1257218198
1257235052
1257303421
1257367038
1257803805
1257920984
1258228221
1258857488
1258942615
1259231171
1260614714
1261241823
1261666373
1261726844
1261794388
1261947933
1262058297
1262733469
1263009173
1263526417
1264015594
1264336154
1265117228
1265314126
1265816788
1265893224
1265983439
1266261264
1266851763
1266859621
1267183191
1267243576
1267698703
1268207583
1268547199
1268778193
1270101428
1270213985
1270226503
1270624998
1272517338
1272795042
1273158420
1274663768
1274711562
1274966833
1275100822
1276869731
1278218697
1278762677
1279659650
1279780895
1280037078
1280152884
1280918736
1281344585
1281563471
1281782019
1282292642
1282708790
1283026902
1284912446
1285045845
1286151663
1286963693
1287278813
1287924905
1288382918
1288593180
1289598375
1289605628
1290621305
1291199639
1291894812
1292232179
1292425685
1292584152
1292598186
1293112208
1293130564
1293210939
1294194539
1294284165
1294360889
1294558443
1294962004
1295259640
1295727085
1295777026
1295928998
1296104352
1297611508
1298472081
1298564898
1298933923
1299351792
1300671954
1301439887
1301698167
1301843494
1302153587
1302470803
1302917356
1302918318
1302998311
1303286543
1303707834
1303926474
1304489326
1304784066
1304845242
1305285850
1305949860
1306193208
1306564037
1307195535
1307403246
1308224384
1308246179
1309411899
1309654329
1310219787
1311327917
1311816843
1312101220
1312712506
1312771362
1312899662
1313861839
1314314947
1314962367
1315120521
1315216997
1315265816
1316098095
1316935882
1317186386
1317565687
1318856647
1319092260
1319493744
1319879050
1320444680
1321308105
1322512879
1323265808
1323538424
1323875707
1324024401
1324735561
1326220648
1327030078
1327382016
1328051620
1328054982
1328125294
1328873220
1328902220
1329196275
1329451898
1329773962
1329799430
1330906057
1331144076
1331669422
1331731321
1332336853
1332732974
1332916863
1335246290
1335279963
1335631169
1336300158
1336685835
1336691734
1336734886
1336952401
1337268055
1338090512
1338195863
1338328026
1339334903
1339454191
1339668885
1339699425
1340169040
1340403476
1340714660
1340941548
1341028905
1341837498
1341885469
1341988092
1342125103
1342788267
1343564442
1343702410
1343781048
1343790912
1343962646
1344089114
1344304848
1344333254
1344479174
1344700757
1344737752
1344880143
1344932765
1345158002
1345518901
1346262591
1346465171
1346476242
1346668121
1347085625
1347392370
1347905277
1348143170
1348419592
1348958652
1349630080
1350000510
1350160768
1350928079
1350991190
1351971823
1353128610
1353341149
1353994776
1354032954
1354878837
1355250447
1355524799
1355649339
1356139122
1356444180
1356812702
1357055684
1357488555
1358531171
1358798643
1358853753
1359516123
1362618862
1362664060
1364908680
1364964785
1365402965
1366406953
1366772181
1366875155
1367026490
1367123376
1367480393
1367544323
1368185031
1368929359
1369106603
1369395834
1369984428
1370249791
1370277445
1370328475
1370583419
1370640956
1371896906
1373028679
1373253476
1373392742
1374980432
1375039604
1375309619
1375389645
1375771471
1375956600
1376174811
1376461365
1376608181
1376906857
1377630887
1377851170
1378086835
1378245611
1378966541
1379166117
1379492142
1379619547
1379802570
1380207799
1380272401
1380603149
1380682513
1380855994
1381177513
1381260264
1381361078
1381475260
1381658399
1381659946
1381693019
1382047709
1382209321
1383931251
1384450779
1384516382
1384614922
1384956793
1385169975
1385835402
1385987284
1386128117
1386271849
1386432392
1387069819
1387266747
1387287513
1387974601
1388047497
1388172791
1388927920
1389792733
1390148009
1390455904
1390724057
1391075569
1391311323
1391931713
1393087032
1394015938
1394135723
1394313537
1395188734
1395526466
1395529070
1395623540
1395855813
1396101710
1397574615
1397857075
1398534635
1399153791
1399200516
1399592648
1400010139
1400482396
1402122349
1402536047
1402652371
1402810862
1403788432
1404912766
1405194169
1405401416
1405685492
1405986887
1406332877
1406598488
1406784011
1407399722
1408014454
1408034081
1408385011
1409220461
1409266454
1409855720
1409943840
1410083655
1410633005
1411146794
1411244676
1411813327
1411957165
1412155283
1412280442
1413011081
1413183008
1414160540
1414337525
1416224970
1416604125
1417017967
1417212682
1418234339
1418600950
1419376643
1419445817
1419661963
1419971566
1420282609
1421540150
1421633085
1422606578
1423300873
1423626767
1423627891
1423955078
1424129925
1424142543
1424866456
1425744669
1425791339
1425999397
1426720177
1426946517
1427244261
1427278262
1427400874
1427774619
1428670081
1428898528
1428972853
1429345173
1429691850
1430560912
1430636376
1430800688
1431225370
1431442390
1432350296
1432534185
1433180764
1433214419
1433481818
1433783907
1434278949
1434892657
1435429130
1435571078
1436241043
1436511337
1437039368
1437153515
1437332397
1437626315
1437706640
1438212544
1438690767
1439094491
1439554085
1440783321
1440836566
1441063098
1441133599
1441300497
1441971383
1442019318
1442165942
1442238482
1442820100
1444058947
1444132973
1444254357
1444291490
1444339283
1444555303
1445359809
1445528954
1445562355
1446085403
1446239754
1446842882
1447063406
1447390919
1447523846
1447539964
1448048969
1448070688
1448163718
1448672909
1448891491
1449238123
1449797459
1450452623
1450593491
1450652794
1451154119
1451179301
1451242216
1451468465
1451714762
1451817739
1452221690
1452376526
1452446082
1452914160
1452927316
1453160502
1453346153
1454152153
1454518171
1454521286
1454772219
1454819943
1454850351
1455620196
1455782739
1456068691
1456077802
1456752801
1456777133
1457007447
1457103397
1457803145
1458099923
1458177474
1458318415
1458595991
1458861760
1458893841
1459282347
1460158826
1460463789
1460696006
1460929608
1461060921
1461202762
1461474887
1461703405
1462029618
1462114378
1462229090
1462448993
1463003098
1463048051
1463124613
1463747729
1464377209
1464583732
1464880907
1464945735
1465289393
1465432276
1466187740
1466306840
1466858507
1466991885
1467099885
1467166505
1467518142
1468107193
1468480728
1468503316
1468592818
1469347219
1469350761
1469411231
1469531911
1471691053
1472250437
1473392395
1473561293
1474427597
1474778702
1474954449
1475953212
1476492000
1478163877
1478335636
1478677874
1479572000
1479853374
1480040575
1480657459
1480856950
1480883002
1480968084
1481233691
1481254704
1481966680
1482958401
1483020812
1483155269
1483190793
1483248676
1483589735
1483863268
1484660294
1484851633
1485290782
1485314416
1485814384
1486050032
1486099422
1486525093
1487737976
1488064179
1488418710
1489356795
1489491829
1489620915
1490033980
1490130268
1490220613
1490948104
1493103692
1493234491
1493327833
1493814123
1493955233
1494019413
1494065154
1494220915
1494557098
1494594704
1495587748
1496225302
1496574042
1496726289
1497372883
1497569130
1497586201
1497657353
1497700128
1498159744
1499226953
1499602190
1499676558
1499680107
1499775917
1499977712
1501908110
1502050247
1502116503
1502485387
1502674496
1502786801
1503342458
1503621977
1504158767
1504337219
1505255118
1505667481
1505863245
1506140487
1506526378
1506621465
1506640603
1506664998
1506999741
1507662691
1507688854
1507739076
1507816428
1508212916
1508340616
1508454644
1509191129
1509343417
1509503748
1509793923
1510108549
1510142099
1510428143
1511221900
1511535086
1511632354
1514156118
1515010300
1515071857
1515691191
1515956671
1516661301
1518352448
1519558101
1521047766
1521516690
1521659106
1521761814
1523746710
1523863785
1524317409
1524365277
1524676559
1525505827
1525788379
1526642690
1526805066
1527214511
1528029009
1528398703
1528986872
1529436701
1530184305
1530268872
1530671469
1531061759
1531077902
1531731028
1532228988
1532992960
1533232697
1533496054
1533496921
1534038644
1534793655
1535229102
1535732729
1536455669
1538325282
1538483638
1538657062
1538731415
1539890756
1540093562
1540110471
1540379060
1541311661
1541756017
1542463207
1543099552
1543386922
1543449904
1543916809
1544012484
1546059419
1546260113
1546616367
1547415403
1547795625
1547893098
1547927211
1548113329
1548534652
1548651599
1548840208
1549698355
1550356362
1550378667
1550446201
1550739602
1551623339
1552097359
1552666574
1552781207
1552812351
1553106689
1553852425
1554187316
1554713171
1557241000
1557788475
1557969545
1558413128
1558469275
1558492530
1558816526
1558837583
1559026299
1560023083
1560513035
1560686196
1560997716
1561255383
1561501931
1561621398
1562555581
1562781062
1563316686
1563327310
1563625853
1564282566
1564685511
1565422503
1565844965
1566158601
1566197172
1566634382
1566946335
1567098938
1567581083
1567858556
1568529220
1568880547
1569346488
1569554560
1569597442
1569620203
1569947370
1571582171
1571761392
1571951721
1572055726
1572330413
1572462728
1572580483
1572824843
1573032748
1573346907
1573963089
1574000903
1574673958
1575966597
1576142293
1576205613
1576320651
1577152027
1577368575
1577400974
1578397094
1579053579
1579854622
1580634325
1580872953
1581600212
1582000233
1582341772
1583629756
1583648388
1584601282
1585520423
1585867011
1586010591
1586606981
1586663392
1588055238
1589129525
1589787620
1590195380
1590447177
1590988239
1591448360
1591550361
1591635536
1592304447
1593781013
1594314855
1594635291
1595330039
1595389926
1595501131
1595812376
1596061596
1596971638
1597591918
1598067338
1598218309
1598303089
1599117872
1599270124
1599447106
1599597310
1600251858
1600899200
1601247880
1601673881
1601731147
1601914089
1602107950
1602239596
1602433312
1603327223
1603935252
1604124908
1604951335
1605820309
1606426013
1606959424
1607252899
1607746115
1607974138
1608594275
1609075724
1609664488
1609684185
1609806577
1609866587
1612053311
1612237529
1612377709
1612616624
1612674322
1613044646
1613992105
1616498991
1616678764
1617117514
1617175935
1618026025
1619126209
1619187187
1619540548
1621079916
1622556545
1623352250
1623612654
1623781935
1624512428
1625322412
1625340835
1625806309
1626519422
1626712888
1627013906
1629222601
1629851903
1630134994
1630369186
1630488314
1630871972
1630893767
1631529259
1631922328
1632774395
1633308272
1634040424
1634736098
1634933636
1635255863
1635853268
1636309474
1637053710
1637207228
1638561176
1639353437
1639385201
1639405752
1639600730
1639759664
1640152484
1640367926
1640648329
1640820128
1641192519
1641276453
1641461871
1642491451
1643419473
1643840684
1645632728
1645647017
1645940975
1646080859
1646623427
1646968233
1647477773
1647841385
1647946220
1648525233
1648720660
1648792421
1649064455
1649348144
1649770163
1650164645
1651197714
1651319457
1652252652
1652656639
1653189757
1653292421
1653487198
1654333987
1654486629
1654966615
1655203422
1655550764
1656950235
1658106835
1658737393
1659044323
1659511182
1660156112
1660509426
1660694878
1661027927
1661070969
1661108428
1661915396
1662495408
1662788269
1663060456
1663133854
1663206017
1664141406
1664184008
1664442409
1664457707
1664947872
1665205398
1665950494
1666062853
1666179689
1666433361
1667140783
1669130531
1669209219
1669263008
1669522155
1669547362
1669576501
1670597252
1670962483
1671718396
1671943188
1672048542
1672359110
1672570515
1672591629
1672741486
1672916946
1673023833
1673214750
1673341358
1673562975
1675159828
1675221092
1675286280
1675978241
1677286141
1677771496
1677840297
1678104539
1678945499
1679512046
1680972940
1681219210
1681268681
1681625380
1682165554
1682396435
1685390192
1685533484
1685666193
1685689543
1686364795
1686501979
1686567606
1687045341
1687959305
1688475506
1688777200
1688811052
1689051980
1689944768
1690092500
1690168275
1690433786
1690509585
1692153561
1692718593
1693553472
1693637718
1693726850
1693839974
1694890880
1695617039
1695621804
1695746019
1696221104
1697084208
1697184000
1698238697
1699067012
1699202489
1699576902
1700025855
1700854211
1700899671
1701308127
1702001826
1702022809
1702215041
1702476258
1702556059
1702898404
1704214882
1704268681
1704328543
1704394421
1704703323
1705248327
1706092309
1707057316
1707092877
1707109503
1707681787
1707914230
1708622373
1708755270
1709007338
1709083803
1709798828
1709935112
1709935466
1709958984
1709994610
1710801947
1710881061
1710949903
1711610216
1711804970
1712074387
1712490675
1712525632
1712937853
1713120217
1713303222
1713832702
1713886678
1715438880
1716238490
1716766951
1716955423
1717259985
1717465715
1717639503
1719212301
1719306195
1719435790
1719484502
1719572805
1720003552
1720241056
1720518896
1720773294
1721239778
1721797084
1722537279
1722621668
1722957880
1723548012
1723620034
1723957647
1724315913
1724671648
1725807227
1725947918
1726607280
1726669804
1726917723
1727011423
1727256653
1727346653
1727965905
1727996189
1728364077
1728479896
1729374058
1729509919
1729534023
1729617282
1729885457
1730088657
1730860920
1730987682
1732112351
1732178167
1732335505
1732570608
1732581832
1732930273
1732931362
1733407927
1734619548
1734930837
1735073429
1735074577
1735103182
1735664900
1735823670
1735965169
1736484742
1736820540
1737924282
1738553669
1738555283
1738678046
1738901350
1739249671
1739467754
1740927076
1741062725
1741427498
1743033642
1743325146
1743842086
1744043115
1744555383
1744559079
1744826761
1745340332
1745532848
1745628215
1745796799
1746141062
1746444595
1746653560
1746742804
1748398165
1748612379
1749654332
1750508034
1750681765
1750849927
1750946775
1751097334
1751120130
1753148088
1754167663
1757690240
1757948370
1759657252
1760197580
1760554123
1762344947
1762452468
1763237387
1763542971
1763542979
1766222385
1766388124
1766533030
1766583889
1766868529
1767028656
1767187597
1767395271
1767871990
1768112172
1769444304
1770506448
1770704208
1770959518
1770988402
1771144417
1771546967
1771983541
1772229264
1772307336
1773109364
1773270375
1773975184
1774331766
1774689050
1774904583
1775074908
1775708565
1775950084
1776084366
1776170475
1777679860
1778143883
1778684360
1779088251
1779170215
1779650361
1780229910
1780537437
1781681716
1782867404
1783019060
1783334661
1784039105
1784049475
1784272093
1784675022
1784802617
1784860023
1784992298
1785227521
1785616823
1785823636
1786122483
1786893225
1786945073
1787186453
1787206597
1787418005
1787720835
1787741009
1787748360
1788055602
1788535065
1788582403
1789152972
1789789013
1790082470
1790230822
1790420834
1790442632
1790690785
1790716449
1790898154
1791123028
1791777585
1792149943
1792662237
1793573193
1794196844
1795265434
1795315638
1795543388
1795850871
1796153015
1796180286
1796220053
1796626592
1797266865
1797362539
1798103573
1798962196
1799029268
1799468486
1799932408
1800138744
1800604666
1800783324
1800789582
1800851748
1801320841
1801589328
1801792703
1802338288
1802530953
1802683611
1802880599
1803715156
1803804997
1804313623
1804665731
1805093672
1805543933
1805649631
1806234383
1806244757
1806428784
1806569386
1806994324
1807515542
1807524122
1808458375
1811223122
1812747223
1813025870
1813930851
1814409747
1814553014
1814651120
1815265127
1815575873
1816294781
1817009733
1817080560
1817197166
1821000339
1821872173
1822003222
1822183329
1822581353
1823225280
1823227191
1823669107
1823958696
1824368750
1824638613
1824715909
1825803033
1825807300
1825940560
1826117981
1826535997
1827126726
1829118918
1829499733
1829575819
1829584264
1829853484
1830416719
1832851069
1833625864
1833752228
1834404313
1834609423
1835427658
1835587230
1835681339
1836112527
1836844126
1838137656
1838360284
1838741437
1838861302
1838884931
1839189534
1839722116
1840770169
1841103385
1841265267
1841371677
1843732662
1843734195
1843756932
1844722985
1845803580
1845945534
1847625794
1848307198
1848463278
1848950990
1849725594
1849850147
1849999285
1850315300
1850647864
1851085996
1851404702
1852041282
1852194193
1852614221
1852706338
1852977083
1853397988
1853512512
1853587175
1854155649
1854158527
1854207134
1854475197
1854873442
1855239856
1855412195
1856050246
1856713169
1856895109
1857451340
1858288573
1858403297
1859060528
1859273354
1859744948
1860313774
1860887594
1861325237
1861328913
1861612926
1861802058
1862070732
1862908072
1863439375
1863563969
1864201975
1864475198
1864727862
1865136775
1867844823
1868667616
1869225904
1869843820
1869990701
1870266726
1871125488
1872402135
1873220535
1873700875
1873735050
1874531907
1874865386
1874945346
1875921863
1875930419
1877766619
1878347829
1878612860
1879226512
1879516022
1879743711
1879899634
1880697737
1881150427
1882514753
1883434788
1884472029
1884830861
1885141592
1885191059
1885567019
1885604235
1885798636
1885953823
1886783871
1887188488
1887409370
1888944443
1889408424
1889661864
1889868212
1890715513
1891264278
1891265559
1891541974
1892412648
1892439222
1893430130
1893954014
1894395549
1895986339
1896729613
1896978197
1897081300
1898185377
1898611909
1898613625
1898896574
1898977470
1899251750
1899396783
1899784923
1900093044
1900331462
1900496234
1900923571
1901012989
1901369795
1901426451
1901568753
1903048636
1903079710
1903253995
1903484234
1905043307
1905491116
1905704826
1906292678
1906557691
1909800656
1910189607
1910228658
1910249407
1910361961
1912274867
1912371196
1912895810
1912922115
1912931595
1913593303
1914505299
1915796721
1916453364
1916625757
1917175598
1917371993
1917556557
1917585443
1917905709
1918041081
1918463261
1919328917
1919451958
1919844606
1919913232
1920049483
1920540202
1920666413
1921023118
1921228225
1921939968
1922181968
1923266956
1924088938
1924382193
1924722518
1924733595
1925392725
1925892519
1925958632
1926233044
1926655588
1926671278
1926841479
1927536691
1927671730
1927861187
1927906990
1929011481
1929349979
1929740060
1929988187
1931390017
1931597228
1931879857
1932650524
1933410946
1933534821
1934316842
1934340354
1934860347
1935137940
1935553542
1935623884
1935758596
1936084379
1936799928
1936911866
1938239592
1938425781
1939291754
1939413822
1940970971
1941343272
1941438815
1941652151
1942018705
1942143045
1942621016
1942791858
1944741816
1945434691
1945817077
1945931533
1946352980
1946711085
1947201202
1947402820
1947472780
1947538869
1948140440
1948368867
1948383027
1948608002
1948826354
1949846596
1951486201
1952010973
1952072309
1952257573
1952976261
1953102598
1953557425
1953699053
1954111396
1954310880
1954441566
1954755505
1955398070
1955613977
1956159343
1956239969
1956451258
1956534371
1956673936
1956844815
1957547311
1958608101
1960231573
1960303289
1960640545
1960818238
1960982508
1961009881
1961236793
1961839551
1961953430
1963232036
1964110162
1966303354
1966382613
1966798116
1967768687
1968479297
1969185813
1969557841
1970734632
1970805489
1971045824
1971124072
1971189114
1971611579
1971667566
1971800862
1972129588
1972214459
1972223636
1972342191
1973706964
1974089913
1974341276
1974816730
1975017383
1975242207
1975437222
1975666277
1976418177
1976644284
1978295452
1978368569
1978552585
1979698598
1979952471
1980449153
1980937319
1981547903
1982539975
1982971742
1983420499
1983479528
1985065050
1985213440
1986686198
1987600839
1987915143
1989290225
1989941159
1990098561
1990979806
1991078737
1991081209
1991341463
1992148311
1992342753
1992567992
1992768028
1992871433
1993434210
1993584060
1993863178
1994086669
1994250419
1994656987
1994739517
1994777023
1994790864
1995144276
1995809218
1996723239
1999040111
1999812759
2000433539
2000727932
2000775604
2000972452
2001218616
2002482010
2002507135
2002785970
2004727209
2004957364
2005355729
2006617557
2008441928
2008897723
2008966700
2009013915
2009371392
2010715486
2011223126
2011466586
2012385260
2012894045
2013053272
2013283957
2014167688
2014476114
2015143830
2015674667
2016018825
2016091587
2016262988
2016342900
2017316145
2017867479
2018102015
2018186889
2020018282
2020129253
2020203132
2020507214
2020712526
2020772558
2021150008
2021736852
2022084191
2022189839
2022356286
2022450804
2022768257
2023393063
2023439488
2023627928
2023751379
2023759517
2024190044
2024333297
2024384511
2024664565
2024668752
2026684794
2029037665
2029148791
2029199563
2029204519
2029487180
2029758877
2030120936
2030396580
2030580673
2031633283
2031918363
2032115431
2032256485
2032267509
2033197609
2033392194
2034376452
2034797509
2034823290
2034916901
2035127010
2035137610
2035312996
2035659301
2035757019
2035907214
2036128398
2036291389
2036401665
2036409639
2037115528
2037423590
2037678199
2037790422
2038173138
2038687322
2038850396
2039002441
2039130910
2039418173
2039834833
2040392775
2040973046
2041057467
2041088115
2041168170
2041287131
2041369713
2041937500
2041962423
2042862388
2042950426
2043066549
2043224707
2043512498
2043691364
2045094592
2045676055
2045687517
2045945590
2046462816
2047123794
2047270349
2047408076
2047470204
2047498568
2047748980
2048805946
2048960452
2049105043
2049408217
2049437117
2049511456
2050027404
2050146160
2050737454
2050942728
2051461996
2051692777
2052017101
2052435077
2053127622
2053333980
2053474093
2055159645
2056133903
2056138135
2056162068
2056661961
2056850191
2057623861
2057728126
2058388135
2061372780
2061438403
2062364204
2063613329
2064309607
2064383977
2064504774
2065169933
2065312788
2065870857
2066297601
2066732471
2066940846
2067103637
2067389140
2067948850
2068067719
2068243468
2068263734
2069585105
2070112843
2070483687
2070542762
2071390579
2071806874
2072119282
2072698887
2073725646
2073735065
2073813518
2074630680
2075214725
2075655252
2076125656
2077925581
2078884586
2079442821
2079826138
2080507250
2080663517
2081509276
2082055733
2082176119
2082293009
2082847432
2083089022
2084034502
2084081936
2084297669
2084410938
2084423970
2087457948
2087758809
2088034523
2088858748
2089021682
2089292003
2089338339
2091210182
2091537116
2091935654
2092242831
2092384346
2092778332
2093053779
2093777612
2093850554
2094014468
2094260093
2095176416
2095625645
2097196505
2097481629
2098069098
2099766254
2099819928
2100650905
2100705519
2101088815
2101153890
2101436784
2101497675
2101760777
2102019640
2102309438
2102556149
2103048446
2103071647
2103105382
2103304790
2103423779
2103635103
2104105857
2104699391
2104754195
2105294386
2105517199
2105581929
2105994854
2107466836
2107948804
2108350621
2108494470
2109589401
2109743899
2110535737
2110890636
2111650229
2111827019
2112247469
2113219167
2113812004
2114369836
2115215796
2115730554
2115836244
2117251943
2118528715
2119232137
2119793532
2119864052
2120218211
2120970802
2121382159
2121591246
2121776969
2121997476
2122087012
2122424376
2122700906
2122939645
2124008508
2124076357
2124262308
2124286904
2124617918
2124790520
2124936698
2125219468
2125427554
2125583957
2126488352
2126689466
2126781505
2127051305
2127179034
2127414998
2127851209
2128006566
2130134567
2130681560
2130913956
2132019369
2132024354
2132057155
2133017747
2133084187
2133130997
2133622757
2134759454
2136073893
2136723023
2136854838
2136953967
2137612048
2137753767
2137841872
2138108187
2138168256
2139756872
2139964695
2140496474
2141069562
2141147142
2141207229
2141275973
2141875272
2141882944
2142335800
2142818821
2143447570
2144599301
2144795673
2146069152
2146422407
2146665235
2146698172
2147028409
