426158
455524
501533
1273705
2043391
2159173
2261774
2585557
2911287
3527896
3625819
3651853
4105734
4160754
4514012
4533711
5432143
5533897
5891043
5917756
6211378
6389863
6425357
6484690
6660284
6760903
6920404
7418731
7705992
7798815
7864574
8102805
8196320
8874103
8883669
9176212
9244421
9988967
10147333
10214573
10491523
10802133
11711309
11782383
11833257
12388607
12418635
12859146
13404198
13471012
13492372
13795662
13977558
14936841
15321478
15541195
15699136
15878485
16042286
16116905
16194092
16197962
16389042
16399152
17432276
17533280
17561069
17826316
17943417
18600615
19189708
19432700
19436239
19630788
19652420
19867139
19876022
19908834
20079101
20345580
20661496
20778993
21308263
21662672
21920882
22129987
22180906
22467430
22676980
22919692
23068792
23131445
23725589
23946158
24241333
24282736
24513645
24539123
25335203
25478793
25535393
25588090
25765623
25862741
26154111
26189828
27373609
27537008
27545407
27644419
27658524
27843626
27883686
28081931
28988338
29603757
29668285
30329086
30582655
31053910
31558049
31614236
32405933
32462357
32477045
32546964
32566748
32617277
32708469
33052562
33591551
33619880
33755332
34358827
34481673
35113174
35817483
36403603
36627607
36720796
36865861
36933820
36945109
36972870
36992262
37099107
37215003
37335657
37459603
37799161
37801359
38065580
38124064
38128704
38374450
39093792
39102910
39601196
39709599
40350514
40488029
40913419
41014549
41015225
41340849
41532607
42080422
42109400
42285038
42396826
42558839
42931757
43429786
43762205
43927089
44025452
44346571
44805615
45142903
45378109
45437103
45523885
45651087
45661494
46001881
46160462
46174217
46367244
46596715
47105016
47113726
47774266
48169221
48491470
48510759
48521233
48613932
50524222
50664210
51011127
51024680
51095504
51528801
51916866
52032704
52045159
52261784
52434910
53023160
53116410
53286924
53301294
53456547
53940974
54304222
54315745
54666003
54793195
54842110
54914985
55077769
55593430
55658523
55743734
56202579
56482945
57079461
57323861
57983078
58139085
58215662
58228859
58324338
58548553
58636125
58924075
58987527
59410663
59435903
59563791
59897801
60140449
60154988
60812669
61312376
61596615
61656835
61708135
61801477
61814139
62648663
62680539
62958828
62967303
63677215
63735767
63858085
63963078
64031818
64357265
64714070
65257855
65310009
65858270
66058804
66221555
66755950
67109480
67295286
68033259
68265067
68380664
68409379
68648572
68834619
69393575
69407484
69464424
70231825
70497114
70746615
71055802
71220112
71251536
71495957
71927801
72197706
72261951
72501302
72541657
72601169
73428061
73921698
73978980
74044148
74422297
74741733
75600946
76532862
77480968
77740082
77772572
77862148
77907704
77914967
78916728
78987065
79202615
79600901
79666031
79715401
79773226
79977661
80315918
80483381
81540414
81804573
82333783
82544471
82889352
83384444
83495682
84575814
84596738
84820254
85133982
85555671
85837110
86011233
86050699
86473065
87501086
87587580
87600237
87751792
87784968
87989549
88363603
89181429
89817013
89873419
89881381
90267269
90504716
90642496
91048322
91622598
91925702
92010333
92192643
92482751
92705222
92769452
93283879
93431452
93694420
94275142
94650736
94693899
95337058
95397895
95436474
95458118
95620274
95708099
96599576
97335644
97363256
97793371
98411484
98495916
98503533
98716890
98738784
98929137
98943635
99184270
99809623
99979592
100293630
100338191
100679092
101022746
101182422
101941572
102646973
103213441
103715848
103718916
104010381
104252396
104285851
104400774
104527981
104947508
105094894
105239343
105277090
105497779
105531572
105933918
105969278
106297595
106377715
106379386
106654789
106675523
106814149
107063777
107198261
107356480
107884734
108100089
108536576
108719973
108854963
108973716
109408297
110046080
110089914
110406010
110575698
110953765
111315903
111479009
111961013
112179159
112198506
112264387
112834498
112936603
113361536
113464232
113681521
113771694
114134070
114334377
114352982
114727806
114965206
115152778
115236116
115539244
115623240
115674009
115867921
116243536
116697046
116959965
117299620
117339354
117346872
117636504
117742439
118140337
118184832
118327571
118655435
118663727
119133006
119212389
119520184
119522438
119744735
119785133
120045340
120241637
120653534
120863349
120946419
121220632
121642540
122045941
122089362
122204407
122238581
122379775
122533758
123151577
123466863
123640611
123894160
124265969
124422711
124689097
124936473
124981768
125213722
125548070
125861998
126545031
126649730
126798487
127405115
127574857
127863801
128064361
128308572
128531127
128939303
129232266
130006373
130143743
130977856
131107117
131334373
131493535
131993921
132506761
132704392
132808212
132863167
133269482
133826433
133906857
134103136
134334809
134665608
134832635
135130331
135283972
135310963
135434076
135528927
135778492
136144617
136152037
136275945
136454850
136496084
136616375
136862482
137670935
137912356
138084964
138132525
138371131
139028705
139428650
140004726
140578970
140591222
140753224
140756234
141095817
141221272
141761732
142036846
142197647
142239971
142364162
142832995
142886573
143603306
143840745
143933447
144076352
144117269
144202253
144371521
144896381
145360772
146016624
147059003
147230739
147306119
147428994
147478940
147597338
148074245
148268185
148471149
148552413
148825119
148902224
149975590
150231736
150251837
150666098
150761149
151254050
151415361
151894082
152012652
152237958
152323219
152497151
152731343
152781514
152981220
152981924
153215072
154186300
154259071
154460079
154966089
155017359
155521202
155748283
155929957
156052186
156912812
157617491
157849937
158107908
158203994
158415190
159290715
159470805
160512096
160663106
160702515
160830682
161265466
161330135
161530771
161623292
161780702
161923895
162027805
162125235
162549671
162955746
163042871
163065207
163084937
163096276
163256640
163902564
164925789
165229330
165508279
165694006
166383230
166943797
167209524
167211231
167224126
167556509
167745451
168215795
168341460
168960933
170221274
170947630
171541360
171588856
171743235
172130747
172266608
173178628
173292433
173541312
173992287
174014744
174453206
174852165
175388051
175799054
175842139
176046551
176567867
176618113
177122568
178056003
178104685
178138852
178236717
178247232
178500052
178861676
179101159
179942919
180558978
180589829
180827941
180876151
180914463
181313517
181396429
182563844
182765855
183008106
184420740
184751134
184755666
184761062
184998652
185189075
185378548
185769498
186878007
187469644
187483642
187813568
187815115
187821200
188400433
188531192
188993461
189199906
190646709
190882571
191270115
191397318
191816671
192386789
192413332
192783432
192864097
193037617
193492645
193569550
193586078
194036868
194071664
194201156
194345250
194482310
194632470
194966112
195290334
195363518
195371372
196364972
196796027
196885268
197201251
197375993
198620560
198866856
199360510
199797119
200069608
200095146
200306412
200370905
200697788
200746210
200752815
201221034
201299086
201385757
201475633
201796773
201807543
201960928
202388124
202408701
202688906
202842298
202997325
203302464
203728622
204197390
204571057
205263710
205388365
205450519
205622898
206012307
206018350
206041780
206301613
206395524
206631629
206881472
206934137
207817996
208087827
208269048
208320666
208507174
208668857
208811123
208851103
208864049
209274448
210039722
210792342
210849959
211051361
211637378
212066630
212621986
212951340
212986617
214054623
214172962
214534581
214729215
214746471
215050973
215272344
215360480
215537400
215795861
215910187
216512193
216642306
216701218
216754601
217153554
217264431
217821434
217942785
217951622
218462952
218605982
218994457
219361991
219708668
219991745
220200028
220242339
220838224
221271150
221506372
221527576
222413331
222935021
223134054
223544838
225081419
225258945
225302376
225326349
225581136
227194341
227381420
227404221
228812806
228986005
229005881
229127027
229277495
229324996
229537860
229750745
230271875
230343980
230411341
230531995
230878938
230975767
230985782
231634380
231724093
231914147
232414396
232544185
233042071
233154190
233282930
233314477
233570589
233751975
234005016
234100542
234580308
234665430
234881080
234883140
234924665
234984407
235347712
235976988
236022875
236077111
236120815
236825573
236914833
237334193
237385187
237530800
238146554
238213104
238594697
238992718
239576610
239652208
239745295
240511370
240735129
240955594
241263043
241472328
241689727
241728170
242434633
242536505
242917863
243736168
243766860
243874273
244079532
245175535
245296758
245519939
245818845
245913918
246092482
246623125
246669268
246714796
246985781
247082124
247609117
247750910
247905191
248031806
248248739
248634666
248780751
249164897
249181804
249183425
249236877
249479853
249493179
249663945
249804532
250332393
250394593
250412176
250457130
250844813
251484012
251635670
251789737
252015869
252358879
252501407
252614510
252817722
252853689
252917008
253208642
253249124
253431048
253465937
253512330
253738641
254190341
254244113
254485144
254502469
254639894
254788609
255230407
255362035
255367079
255553016
255638977
256206712
256796259
257523804
258027276
258199454
258448005
258600880
258649048
260481731
260524408
260609833
260770981
260871950
261099460
261235075
261318922
261523769
261530068
261718635
261754837
261867794
261929846
262140271
262363606
262444582
262845767
263310513
263363741
263399291
264301112
264476413
264568364
265236089
265276779
265908801
266285306
266375656
266512914
266673618
266714603
267493373
267625854
267770562
268356159
268490207
269166847
269193061
269276680
270050371
270221236
270335610
270624687
270714685
270746623
270946849
271082478
272052574
272087794
272108687
272452336
272474554
272480714
272846259
272890047
273637541
274178011
274263353
274381958
274463886
275072825
275186337
275691272
276148101
276221035
276457018
276921456
277026150
277160708
277732144
278285267
278444862
278472236
278511716
278517620
278783987
278796732
278907804
280005651
280031814
280035756
280140434
280680438
280754041
280757904
281301568
281380292
281558570
281676244
281708444
281779520
282207934
282363626
282545046
282656571
282855362
283139784
283361113
283394388
283541603
283548259
283749425
283933551
284212004
284247628
284401082
284457653
284751921
285096474
285203051
285813195
285865118
285865238
285884080
286131527
286133663
286375536
286571194
286601402
286732228
286737544
287088897
287354098
287828996
287933590
288637315
288809992
289902770
290115348
290437264
290743552
290868336
291283850
291453109
292060569
292307144
292908462
293048480
293721975
294912073
294973808
294986917
295096198
295106423
295943468
296885775
297017158
297087540
297288832
297552644
298297641
298430184
298477310
298517794
298869823
299688036
299739991
300119346
300564107
300775048
301319646
301487951
301889137
301943190
302603865
303015807
303026473
303314603
303802839
303934883
304210879
304471029
304719872
304921156
305038628
305198290
305269820
305390065
305516616
305634146
305737861
305948597
306037639
306196476
307474054
307525823
307664339
307676216
307792699
307808887
308036795
308050642
308626296
308636451
308679991
308958506
309386119
309534668
310055059
310073210
310464160
310570629
310775299
311821966
311866042
312095718
312918190
312931069
313014678
313152993
313156642
313478256
313614021
313628380
313717594
314055322
314334869
314809323
315124757
315219087
315274756
315505583
315972164
316171392
316567054
316766484
317178639
317936319
318144358
318164671
318815878
319120041
319340160
319785297
319916241
319933359
320441427
320466682
320734650
321719448
321785792
321866316
322054575
322222838
322295493
322326368
322375144
322526633
322754450
322934414
323041190
323217141
323755887
324182779
324317662
324569696
324737272
324759766
325043213
325137948
325840483
326632540
327146924
327361472
327698254
328466013
328626987
328711973
328941942
329001190
329104525
329624234
330178072
330179128
330224161
330253994
330302698
330450782
330965038
331127989
331232075
331313201
331576775
331844834
331969320
332144026
332201923
332515597
332609396
333711915
333989606
334026768
334765274
335354081
335785126
335970841
336041264
336058850
336096504
336922669
337206693
337290902
337598459
337931806
338061783
338360675
338466194
338521467
338581696
338874744
339112096
339128983
339319509
339503013
339946821
340005133
340035089
340375811
340489975
340896348
341156962
341229493
341303699
341501255
341616583
341816651
342014071
342300237
342431056
342471712
342476462
342594908
342679455
342795251
344389139
344624140
345160308
346168738
346228625
346450227
346463998
346976907
347056827
347341449
347599206
347643808
347880462
348477547
348633749
349023579
349534261
349665897
349793855
350232777
351177599
351320801
351373079
351605161
351639218
351831505
352067374
352127808
352138685
352570651
353301448
353538259
353649451
353798070
353830238
353891416
354252739
354489571
354516448
354721522
354842966
355524494
356037717
356753803
357290937
357423978
357696118
357815460
357816444
357910193
357928834
358061020
358259955
358495426
358614050
358723630
359014202
359219434
359601429
360157960
360532748
361212166
361562658
361697794
362310243
362682421
363120240
363129231
363484758
363907913
364184654
364197081
364620355
364986846
365616915
365898306
365961989
366055319
366379134
366419450
367894920
369113601
369690563
369712560
369734604
369790760
370001846
371112654
371702837
371813207
371876659
371882513
372427791
372620536
372653826
372715148
372788384
373050227
373328407
373854295
374173726
374484843
374755105
374819653
375006275
375059448
375253816
375709788
376015558
376028689
377204338
377650894
377906442
378341745
378789016
378796208
378843104
378978568
378980009
379206993
379406881
380042464
380603519
380690331
380710771
380760291
380846390
381024122
381070227
381290507
381559314
381760896
382000187
382807724
382925252
383857254
383949420
384009123
384245858
384294060
384544507
384695661
384821386
385114320
385419826
385463983
386019179
386712789
386925649
387349447
387377431
387446738
387577796
387770968
388184740
388517278
388567996
388646649
388912160
389447848
389514028
389576451
389695726
389876299
389965479
390099075
390542262
390625494
390769308
390904439
391173078
391212841
391302031
391667466
392059043
392106449
392834579
392935145
393007418
393087771
393252113
393370744
393828113
394050654
394180582
394249713
394341761
394533169
394582343
394800571
394852969
395092296
395389571
395552713
396022716
396232261
396698243
396883813
397316236
397558862
397734244
397788583
397917757
398387671
398706146
399177784
399823400
400097139
400271036
400386691
400493959
401385072
401462112
401699532
401739966
402004250
402230619
402241788
402267844
402288485
402447089
403554284
403679482
403861585
403970270
404069240
404263067
404659859
404970058
405305988
405308525
405349285
405764149
406114014
406639688
406773206
407035109
407072581
407457106
408027902
408280790
408415631
408422551
408617784
408693546
408837514
408970545
409123487
409985154
410476867
410676365
410722543
410880882
411045945
412109542
412152998
412214693
412759947
412775234
413154220
413211785
413526393
413912898
413916660
414618568
415120295
415124986
415256576
415793857
416417888
416450022
416476897
417288268
417400505
417460025
417647207
417944442
418342429
418345458
418439472
418663409
418855405
419095599
419559270
419613229
419666134
420128597
420245366
420836389
420923731
420978850
421328573
421371778
421456217
421622723
421777235
421802012
421808315
421871181
421997160
423055176
423116231
423496179
423812717
423935905
424434823
424543022
426083166
426197039
426339337
426502145
426697582
426812589
427323536
427325852
427718436
427791014
427827575
427900811
427959022
428142641
428523580
428745872
428885811
429485368
429597663
429637963
429682292
430051284
430478645
430711242
431038040
431433694
431534879
431853753
432086751
432437046
432675443
432899234
432939089
433292475
433419590
433770530
434740980
435171535
435297720
435430309
435588676
435770984
436058922
436309267
436506113
436655213
436759808
436900072
437204554
437709548
438063588
438234109
438286305
438421058
438569149
438816956
438881188
439778107
439955472
440031165
440353018
441184743
441375413
441464495
443213122
443575723
443678891
443711501
443823631
443925491
444356636
444442934
444487507
444552442
444723456
444751445
444936364
445112037
445122419
445134914
445187275
445375888
445378704
445969757
446847378
447678811
447745075
448242730
448433950
448808503
448812606
449089747
449501204
450230001
450415042
450451540
450460125
450726769
451187196
451225989
451613228
451908096
452129579
452441421
452595171
452624838
453307423
453330983
453402900
453624897
453828598
455562335
455888202
455919180
455988129
456273347
456351801
456668940
456741379
457581967
457645538
457699312
458182619
458201146
458668360
458735700
459453627
459928968
460082775
460259206
460421847
460700696
460860069
461383568
461501347
461743309
462071917
462713693
463590277
464072022
464392600
464525604
465236660
465280501
465607081
465700331
465709254
466101883
466331851
466671186
466952077
467165936
467511004
467955341
468299684
468333376
468849857
470003437
470064937
470374656
470414708
470613581
471005799
471194863
474060711
474642343
474783186
475053189
475241312
475487319
475565649
475601963
475634963
475768390
475931763
476358589
476365533
476431618
476513716
476584472
476900318
477008921
477343651
477631357
477748579
477966754
478036889
478054885
478267654
478856561
479333808
479463269
479831034
480603223
480795257
480844025
481189563
481390966
481433531
481463991
481648384
481753380
481757715
482095584
482307869
482809829
482898175
482963778
483630896
483669379
483842736
483850296
484136593
484222801
484408864
484702587
484910373
485025269
485082021
485427958
485974059
486190560
486242208
486561424
486802629
487043827
487328333
487387256
487600041
487699373
487797459
487996690
488032221
488343330
488449981
488472137
488578229
488957161
489328672
489534289
490082612
490225836
490545369
490827614
491009271
491239992
491240725
492176760
492760781
493115685
493705047
493956533
494078582
494080871
494226812
494269164
494704956
494718835
495749015
495958209
496660041
496981767
497668216
497969080
498060938
498285149
498459206
498693318
498695851
498747966
498836758
499382007
499386367
499421124
499487100
499708430
499759251
499955259
500029425
500570804
500879939
500921143
501395409
502263209
502290008
502374675
502451987
502506989
503143350
503180274
503279967
503363616
503648446
503662451
503670429
503739501
504130482
504377689
504583750
504958243
505523361
505955807
506123091
506300581
506353836
506662809
506749790
506881206
506941093
507354944
507963359
508062596
508392799
508757902
509048427
509123691
509606487
509957466
509965828
510099692
510651665
510673207
511069190
511204288
511672326
511960336
512119437
512341677
512431725
512472144
513206375
513618076
513764427
514347313
514658530
514728902
515026692
515277602
515901291
515912865
515987664
516161896
516166681
516513577
516648029
516919940
516995737
517322937
517703975
518237222
518366794
518476751
518551973
518955432
520520332
520792266
520941148
521379680
522227469
522444096
523971785
524054038
524093490
524281779
524619618
524664649
525184829
525416894
525668687
525970532
526071883
526078019
526240701
526252480
526782415
526829998
527070937
527334825
527614786
527748545
527839579
528290216
528802727
528868019
529535667
529924132
529982214
530073922
530444073
530573897
530629523
531039477
531334813
531465556
532298029
532664678
532760891
533440088
533752033
533857024
533962557
534094603
534420606
534570078
534869632
534898959
535165310
535433033
535458005
535910380
535951782
536392889
536685307
536685824
536695926
536848477
537438110
537476819
537765869
538526542
538825296
539424140
539748304
540643607
540743603
540828731
541475181
541624606
541663067
542219721
542361571
542391130
542538483
542586761
542777909
542975228
543426164
543662743
544086381
544129823
544151941
544583540
544603430
544666683
544858599
544891721
544929506
545269359
545526338
545559743
546059416
547380402
547457662
547459340
547476880
547506037
547752261
547898947
548226803
548592827
548983414
549027550
549562082
549994369
550841435
551022967
551129084
551254307
551725014
551905826
552735233
553498476
553602491
554603941
554917766
555130858
555210035
555219450
555379395
555913909
556133605
556169363
556403829
557180381
557215440
557612866
557622195
557834506
558198022
558401122
559219691
559304646
559599417
559739642
559909760
559914653
559921575
560095308
560283847
560613454
560711254
560934404
560955609
561235533
561268391
561575298
561712027
561724986
562189805
562455397
562457291
562527654
562741585
563057270
563167914
563310141
564057975
564133689
564292166
564795135
565306763
565546963
565805183
565984627
566662440
567276481
567646231
567803242
568292192
568388226
568809774
568988454
569012166
569056384
569469170
570181891
570368403
570475116
570959498
571182318
571279136
571382427
571552073
571594528
571643416
571648562
572539699
572574448
573008326
573062934
573245734
573637920
574089729
574287932
574509284
575186755
575392901
575662020
575727970
575798800
575984096
576008800
576673687
576870754
577062039
577120403
577310448
577437723
577567429
577721406
577944969
577970878
578477861
578801273
579682119
579952045
579952121
580124296
580170521
580349538
580521058
580640453
581526250
581932038
581985961
582279689
582589707
582754898
582794880
583087163
583457304
583681616
583695577
583733687
584243501
584399314
584779749
584912720
585066785
585395717
585909799
585970499
586009279
586240542
586409709
586500078
587004037
587230708
587695346
587736013
588155688
588328789
588568082
588671348
588819228
589300236
589607619
589857941
590136016
591239524
591283976
591294465
591673583
592981565
593447204
593908092
594309440
594923605
595036918
595363262
595883466
595942832
595966634
596132699
596278143
596426042
596451407
596581587
597040398
597356288
597376894
597684427
598184851
598311952
598716348
598957822
598964190
599187359
599542239
599550220
599563644
599815312
600121731
601363369
601499483
601912590
602725274
602946813
603248988
603481860
603596195
604457531
604732266
605071669
605193465
605423766
605487612
605546432
605555638
605807646
605904569
606207550
606544309
606678593
606984575
607110769
607250258
607281993
607900220
608008086
608717693
608742612
608761769
609444970
609478649
609581993
609712553
609764668
610217794
610432677
610685401
610827055
611178682
611445615
611479831
611892452
612163770
613526086
614060958
614555004
614651747
615127367
615166142
615278845
615892740
615948633
616084907
616503067
616944655
616950019
617014315
617168596
617247327
617282741
617489963
617732311
617825885
618331479
618378288
618449642
618551781
619020545
619675089
619702846
620033799
620126981
620170235
620318845
620331607
620608923
620647011
621151645
621288536
621698254
621982883
622554213
622761463
622899555
623180054
623234367
623781807
624329479
624417007
624553504
624580242
625233452
626138372
626268973
626342230
626973639
627154312
627351870
627367835
627557110
627726387
628003539
628353983
628625575
629142285
629698943
629785659
630225549
630520526
630729561
630953357
631655913
632127120
632567074
632596248
633049789
633110288
633185450
633235495
633428842
633499971
634126115
634318209
634390488
634492292
634922707
635214719
635234792
635515953
635671192
635698245
636039351
636335067
636782102
637155374
637783289
637810512
638145161
638232188
638254404
638265089
638366066
638405742
638695798
638990711
639008891
639027412
639153251
639335324
639563494
639580684
640320116
640507197
640607040
641082258
641154962
641849283
642158327
642262850
642854314
643111264
643161045
643680851
643916945
643988143
644049197
644350722
644557561
644841548
645164672
645248031
645357569
645407908
645411796
646019109
646135515
646328679
646398416
646971351
647264677
647369149
647707863
647711547
648176985
648210142
648217451
648409473
648473464
648515669
648528696
648678957
649133420
649999671
650095618
650195759
650905742
651372246
651789233
652429008
653480592
653560772
653679312
654036296
654518169
654628199
654775883
654842657
654923861
654951998
655100787
655603955
655995261
656142153
657096308
658160647
659019665
659492104
659504422
659575686
659590603
659594695
659694993
660219813
660590642
660836976
660868412
660897435
661001726
661088732
661169806
661398165
661444372
661524356
661579781
661930109
661990386
662177648
662398140
663031174
663033336
663260739
663365610
663581043
663673238
663759366
663845220
664316913
664448778
664527504
665330826
665578261
665648413
665902590
665914141
665991932
666108587
666442091
666794490
666845492
667170120
667375822
667564684
667700168
667879336
667923346
667944315
667994649
668110510
668246567
668368321
668380080
668752541
668875819
669539543
670087664
670392963
670896298
671001641
671027153
671033201
671397970
671412889
671415343
671707652
671888029
672484127
673109005
673549137
673611518
673957979
674204147
674237976
674694241
675392249
675553178
675661366
675717154
675948567
676072166
676306830
676892977
676974691
677431293
678018835
678325657
678809864
679025641
679226843
679427313
679567368
679620389
680067430
680084639
680085483
680493241
680597994
680831899
681108408
681361521
681375185
681604532
682087970
682828078
683400347
683533383
683721384
684312188
685094254
685297722
685300771
685965275
686478248
687056414
687505893
687535032
687827283
687994241
688006014
689140389
689416578
689472860
689955831
690915149
691163600
691281431
691286664
691772274
691791823
691878645
692299779
692334190
692814965
692854329
693318627
693414138
694553846
695164213
695423721
695436931
695557211
695561576
695835514
696338105
696778915
696842185
697077190
697711344
698649203
698681205
698736002
698859105
698899742
699256948
699576258
699591818
699794824
700311183
700553301
700660137
701841235
702167291
702296147
702599880
702622530
702736194
702786165
702962881
703149481
703276439
703358021
704027054
704329922
704532666
704911162
705269792
705369801
705915491
705966993
706028357
706328254
706556267
706613551
707607344
707692290
707982201
708045348
708513981
708919390
709548211
709699163
709728588
709928700
710305650
710480103
710943762
711259428
711437955
711484900
711691201
712166518
712384722
712550059
713712820
713863626
714008177
714048422
714117347
714246469
715411696
716063430
716421283
716616054
717123132
717579146
717664672
717683134
717966571
718454562
718836504
719106181
719379416
719823596
720435733
721052212
721290960
721330563
721357674
721364586
721486233
721624460
722228804
722664811
722783584
722991694
723124116
723191565
723193268
723642205
723678385
724287727
724442624
725488259
725797355
726367371
726456108
726513630
726660165
727244384
727532635
728704765
728974784
728997668
729217640
729481338
729910099
730780383
730893396
731048019
731409959
732775648
732810265
732823742
733181846
733336835
733685640
734116594
734122492
734350023
734491595
734539436
734629608
734761034
735309432
735311449
735402069
735753373
736099809
736407307
737105697
737847964
738059104
738100829
738368139
738534310
738635711
739527531
739790844
740458052
740685980
741494081
741558450
741623622
741636180
741715519
741893781
741973320
742005265
742269553
742271382
742512322
742683372
742991414
743207525
743222702
743921742
743979910
744312604
744432997
744583791
744681554
745067752
745114431
745123106
745494415
745775084
745941635
746107339
746493486
746515753
746678460
746976893
747028021
747113586
747300666
747850020
747869467
747969532
748005040
748228805
748395942
748598381
749034778
749039540
749323778
750186432
750445977
750448554
750652913
750716327
750988656
751120177
751282414
752064561
752518914
752872478
753030416
753473214
754228617
754691264
755189982
755538420
755678126
755691087
756236168
756558313
756950819
757116395
757302303
757389095
757513738
757624678
757625831
757652757
758855188
758880024
759257581
759720733
759806092
759921452
759951798
760091217
760145987
760444292
760759194
760886618
761011483
761328991
761329810
761608917
761993773
762589106
762853147
763362960
763397327
763460222
763662448
763678180
764179714
764289861
764408347
764695462
765697305
765720000
765808963
765849472
765853644
766067734
766095269
766154969
766206365
766875996
766968610
767026080
767496101
768184503
768727844
769067201
769560884
769777467
770189524
770273198
770357941
770390936
770416509
771000877
771209090
771527410
771747695
771951447
772399638
772946981
773311471
773587573
773816355
774579133
774742714
775009422
775126955
775172629
775268330
775858177
775987552
776123226
776676043
776688384
776770822
776844591
777083308
777161043
777248731
777304103
777350373
777880990
777910079
777936517
778039622
778093108
778843947
779669539
780225173
780316895
780389571
780391146
780667914
781755962
782075403
782545514
782700414
783340567
783631607
783750576
783826308
783842789
784267258
784327236
784455613
784502039
784593612
785204957
785260390
785292025
785438693
785711399
785739069
785755023
785909912
785934344
786120677
786272046
786389189
786723314
787730098
787799162
787934157
788166154
788378723
788803702
788933057
789213789
789296829
789298006
790058248
790300587
790658606
790800897
791496297
792354128
792577765
792684495
792754005
792847168
792911844
793040148
793353065
793599183
793618636
793761919
793765232
794189002
794478082
794530751
794729735
794919032
795387105
795490778
795897683
795964479
796051565
796102967
796129277
796162159
796243867
797837152
797897615
798328843
798340109
798558778
799501091
799704399
800231810
800404560
800710659
800871123
801440259
802128544
803154627
803925232
804012134
804582663
804599276
804798193
804943871
804990903
805286422
805552923
806133286
806308873
806453766
806806792
806902803
807476427
807485066
807521670
807637695
808007011
808597012
808949575
809023544
809191146
809394336
810203322
810719477
810975427
811104773
811251644
811334491
811436234
812267141
812372117
812466430
812634598
812643019
812997844
814058949
814141706
814435632
814454727
814526745
814881129
815182976
815514254
815616052
815655267
815886283
816093562
816235419
816826863
817216875
817256727
817347040
817581530
817840754
817934748
818188325
818299834
818324108
818352534
818592576
818687418
820704070
820936313
821130296
821241915
821590479
822951076
823300222
823365372
823623379
824138850
824571728
824690021
825134841
825159283
825353223
825433985
825512121
825671854
825875879
826318653
826591442
826635991
826732389
827103054
827771368
828099173
828956501
829711544
829734502
830658329
831349320
831431788
831706753
831805737
831807566
831885549
833606658
833636191
833636412
833829215
833974352
834099228
834264579
834511619
834728805
834789266
834884796
835465648
835508922
835541397
835565603
835935080
835969504
837675486
837720697
837857766
838115540
838120089
838180394
838423216
838572880
838771353
839386169
839525266
839802539
839805816
840098484
840303620
840978223
841646650
841716597
841797740
841967404
842330968
843144401
843216671
843279617
843727531
843821615
844402642
844566978
845257253
845380953
846155613
846307887
847181426
847257017
847522971
848314653
848750106
848755745
849043791
849096797
849242789
849263201
849525268
849731381
850367517
850688983
850928543
851265223
851315948
851513666
851713679
851931190
852247639
852500246
852577594
852730172
852838682
852942133
853118936
853325710
853466122
853482386
853640402
853739383
853860217
853916149
854340223
854832269
855101341
855136882
855328104
855723340
855807457
855973048
857380337
857672053
857772752
857949644
857987833
858283463
858632697
859084650
859282250
859292360
859346940
859492479
859515869
859662478
859853653
859862556
860088312
860244919
860364182
860727760
861046109
861243312
861795649
862833430
862860931
862917037
863175250
863327853
863367277
863411818
863788333
863813259
864142509
864168569
864593619
864667921
864718929
865035410
865095581
865108917
865227520
865428214
865534104
865553958
865881993
866376041
866393558
866989075
867261181
867504861
867562354
867747712
867959477
867989049
868083156
868247398
869642392
869784010
869839608
870385736
870601312
870823772
870860452
871248697
871525220
871641946
871993694
872004799
872154441
872501255
872609966
872632932
872970542
873060147
873372531
873596918
873784614
873981121
874010994
874078760
874511183
874605968
875053634
875171821
875895589
876113712
876695203
877165869
877308663
877331452
877372337
877464561
877466948
879082705
879906382
880367634
880406478
880741257
880797775
881108611
881205472
881606584
882542969
882750593
882994227
883012611
883150628
883319545
883548298
883809628
884198358
884617922
884741356
885322577
885511773
885659977
885700190
885791872
886062490
886586524
886723438
886769508
886972707
887378395
887415444
887446459
887470915
888304138
888708089
889179937
889832921
890301450
891205328
891221130
891422597
891675909
891890054
892231243
892254721
892698983
892727454
893157023
893643486
893832179
893901331
893986071
894286042
894802154
895321003
896006021
896101710
896167619
896268098
896318990
896716033
896924281
896992677
897230043
898397972
899073684
899540254
899585038
899885218
900450042
900634789
900982519
901222942
901721228
901845655
902166418
902426032
902516226
902581747
902786921
902822080
903027355
903105276
903323762
903411574
903447301
904029655
904181558
904568874
904752909
904936035
904957491
905197964
905218276
905241760
905385678
906159421
906394823
906602696
906621115
906728780
906823905
906921411
906997728
907286984
908014812
908054949
908476737
908683610
908884978
908983389
909222541
909543355
910577297
910841815
910873757
910917084
911092007
911296722
911317593
911454047
911663825
912001906
912106931
912333663
912398347
912475006
912526120
912648608
912667216
913174748
913447310
913614798
914523244
914576650
915013401
915153993
915594200
915611855
915798346
915957642
916237008
916251497
916365178
916429385
916458840
917787793
917840913
917901862
918229385
918239873
918350367
918468799
918773842
919566382
919747860
920046601
920077276
920213063
920518105
920679724
921794463
922532259
922642790
922686799
923174495
923292150
923431759
923448869
923767329
924246046
924353940
924424596
924729190
925034890
925134473
925219759
926116328
926478923
926665561
926727323
926824061
926868634
926932466
927274014
927434717
928273551
928395467
928549866
928801934
929022799
929087927
929092702
929736334
929782183
930430394
931024078
931069460
931119711
931336664
932027363
932047532
932486603
932585921
933104258
933191828
933272325
933550548
933892446
934330323
934491595
934502689
934776761
934780560
935358747
935422148
935949968
936925883
937027753
937621180
937774761
937841308
938702139
938896706
938898634
938946691
938994013
939340953
939366013
939505275
939582907
939962312
940276597
940722551
941905523
941961461
942076705
942091026
942125005
942319246
942414249
942746176
943513460
943707215
943903056
944014993
944292758
944320388
944398337
944631638
944835885
945180435
945334297
945904112
946092406
946200345
946621423
946866065
946972808
947004167
947016071
947091766
947335629
947364687
947507759
947540289
947676766
948439850
948499537
948500947
948547178
948752782
949379945
949591973
949758406
950016447
950249034
950293260
950641545
950718382
950752213
952083196
952288240
952472434
952836805
953395419
953512769
953682160
953800691
953864896
953945584
954125702
954127723
954425651
954813858
954844476
954853726
955050124
955875004
955875253
956203762
956963973
957605084
957948561
958234157
958476537
958807390
959438652
959472195
959972859
959985177
960109486
961288092
961681041
961920162
962030097
962038714
962641879
963023738
964318300
964671335
965039603
965454110
966140427
966550741
966599086
966676232
967222862
967253006
967445244
967464268
967699117
968487153
968654557
968949920
969050748
969263365
969471628
969768891
970237360
970305928
970853875
970885006
970998065
971055329
971247102
972116492
973066278
973332468
973379556
973435350
973438724
973456197
973810059
973983765
974130945
974186990
974345555
974634706
974989604
975992915
976155979
976327030
976527774
976768201
977020962
977215034
977289153
977512337
977792359
977952299
978043607
978274505
978314781
978356163
978657923
978927996
979039241
979204311
979365126
979719417
979863587
980071661
980081430
980097205
980218091
980625565
980857137
980859450
980991513
981306882
981425410
981446705
981814624
981925651
982160693
982635088
982749058
982947429
982957539
983353242
983517095
983570566
983753188
983881502
984008745
984051256
984095323
984200529
984746724
985394904
985400889
985424448
985928487
986266953
986280047
986485667
986726876
987172234
987181916
987302128
987309347
987759880
987822836
988107692
988145064
988172121
988285330
988467445
988680593
988829735
988980376
989464678
990448217
990948598
991273757
991506130
991689353
991858196
992051381
992386976
993563696
993626056
993626227
993744226
994331277
994812440
994977184
995223353
995264562
995429285
995584191
995693692
996190888
996268998
996705973
996745421
997134390
997327766
997382338
997552869
997933922
998076465
998381136
998676946
998803990
999046801
999635896
999646311
999693973
999764166
1000325541
1000338849
1000640343
1000788879
1000964109
1001360690
1001491580
1002143270
1002322461
1002487538
1002588651
1002739345
1002996289
1003017414
1003342317
1003655243
1003756291
1003926530
1004320572
1004370762
1004510857
1004889615
1005372438
1006570063
1006736212
1006901377
1007144037
1007223506
1007346123
1007365590
1008075845
1008740557
1008941995
1008971665
1009122131
1009221955
1009401214
1009421793
1009507682
1009935881
1009985107
1010195739
1010241084
1010308113
1011724951
1011896870
1011961917
1012191996
1012351430
1012612157
1012622328
1012691098
1013198766
1013224111
1013549052
1013692405
1013805941
1013846398
1014986799
1015560831
1015563214
1015685832
1015882263
1015975255
1016323518
1016353395
1016395300
1016898067
1017092141
1017482915
1017635737
1018305214
1018410566
1018701721
1018708990
1019039446
1019535272
1019667201
1019714545
1019732494
1019970431
1020293450
1021629406
1021775616
1021928977
1022328315
1022476420
1022826811
1022907570
1022968089
1023580590
1023676169
1023826252
1024048542
1025072905
1025299193
1025578909
1025717044
1025738542
1025877524
1026012427
1026035445
1026592557
1027216870
1027532829
1027584590
1027886688
1028021316
1028132166
1028438854
1028458223
1028677669
1029242260
1029341842
1029715657
1029806182
1030100071
1030191058
1030362039
1030622199
1031092654
1031481419
1031912055
1031931093
1032028035
1032030938
1032424375
1032648669
1032898248
1033145633
1033337055
1033805213
1034987063
1035944236
1036036942
1036083716
1036135457
1036449329
1036641744
1036801767
1036895970
1037090933
1037138299
1037370781
1037773382
1038045325
1038168841
1038371353
1038567418
1038697438
1039151210
1039177580
1039454782
1039663703
1040246258
1040303179
1040386813
1040643992
1040827461
1041068578
1041115736
1041432828
1041905754
1041994972
1042511605
1042955827
1043282458
1043283278
1044155262
1044279943
1044319321
1044364703
1044447300
1044449227
1044592904
1045063837
1045590828
1046017858
1046020492
1046377382
1046423231
1047003630
1047624163
1047950781
1048749339
1049091796
1049202750
1049614129
1049664698
1049733884
1050146209
1050157997
1050697452
1050713963
1051338700
1051430400
1051532148
1051535626
1052247711
1052603564
1052642596
1053188658
1053210845
1053440470
1053770276
1054012993
1054276810
1054692109
1054794934
1054823820
1054861183
1055172403
1055176044
1055390257
1055407090
1055881849
1055893110
1055945265
1056009015
1056344131
1056702625
1056851858
1056921057
1057230418
1057320407
1057840634
1058183143
1059011981
1060306924
1060570527
1060668451
1061168943
1061223506
1061244388
1061868236
1061989360
1062071416
1062203459
1062215080
1062269882
1062453048
1063940184
1063943776
1064919135
1064981026
1064991994
1065508282
1065617008
1065669878
1065996475
1066094212
1066409038
1066536548
1066581738
1066615159
1066713749
1067021257
1067230503
1067364633
1067483705
1068345129
1068491617
1068517492
1068978739
1069550081
1069681711
1070644609
1070811149
1071382422
1071546077
1071874847
1072057439
1072450895
1072481754
1072560685
1073135076
1073293408
1074052854
1074408029
1074626109
1075221263
1075232192
1075819322
1075882459
1076390706
1076785524
1076843839
1077274888
1077790392
1078915434
1079733802
1079735275
1079897019
1079965812
1080518576
1080674118
1080851221
1081549292
1081570807
1081721698
1082210500
1082291567
1082320099
1082877265
1083417366
1083528388
1083627829
1083718806
1084190840
1084246826
1084597565
1085123982
1085729329
1085994402
1086652167
1087847579
1088494489
1088576641
1088911784
1089227749
1089300635
1089344795
1089525172
1089641459
1089776876
1090072283
1090363803
1090755444
1090829483
1090854416
1091179639
1091508142
1091649952
1091735306
1092148613
1092190648
1092308118
1092338984
1092562146
1093056482
1093106152
1093115189
1093127083
1093330317
1093694148
1093831721
1094110788
1094174752
1094677106
1095216802
1095260067
1095296404
1095452163
1095508131
1096539545
1096638553
1096694462
1096899257
1096940630
1097427971
1097687674
1097786284
1097871562
1098191148
1098285781
1098294617
1098784316
1098791082
1098927117
1098939147
1099507546
1099841597
1100011698
1100056875
1100118363
1100245069
1100295426
1100445872
1101322149
1102121167
1102708726
1103190415
1103841795
1105150465
1105533733
1106016882
1106266197
1106954205
1107341661
1107413388
1107759008
1107893778
1108067114
1109467392
1109590707
1109999624
1110029531
1110649018
1110942839
1110996805
1111302603
1111589940
1112337064
1112754886
1112813533
1112892859
1113235732
1113475217
1113610162
1113824286
1113845850
1113848187
1114326078
1115366892
1115380922
1115641825
1115669828
1115813177
1117219358
1117679433
1117942777
1118028754
1118202789
1118489232
1118529592
1118872433
1119362681
1119531669
1120139855
1120320801
1120418726
1120737042
1120791308
1121106978
1121571089
1121820479
1121882927
1121947029
1122383557
1122619397
1123579518
1124025312
1124532499
1124872664
1124912361
1125368084
1125416969
1125475886
1125901532
1125961257
1125997754
1126380102
1127557774
1127785680
1128046913
1128776859
1129163596
1129410029
1129465981
1130029865
1130230267
1130537665
1130839359
1130907534
1130950623
1131697111
1131787133
1131934761
1131999490
1132010102
1132988089
1133163613
1133915776
1134234277
1134242834
1134259340
1134393004
1134514926
1134719985
1134904210
1134984722
1135661726
1135711769
1135818489
1135877645
1135910163
1136094970
1136753049
1136962040
1137003700
1137244730
1137397696
1137439463
1138045868
1138185261
1138186570
1138552135
1139282883
1139326257
1139503823
1139864683
1139959311
1140109881
1140200044
1140431868
1140491223
1140701603
1140870856
1141200390
1141512494
1142117527
1142251581
1142322333
1143085137
1143205691
1143228158
1143527070
1143972076
1144201590
1144479825
1144524893
1144591974
1144682052
1145044370
1145373781
1145396539
1145538615
1145864448
1145933277
1146746848
1147041463
1147701804
1147911491
1147977047
1148028043
1148219360
1148296233
1148518515
1148667517
1148745568
1148750844
1148930234
1149135426
1149360103
1149406493
1149794925
1149808384
1149953478
1150301131
1150646441
1150986901
1151088608
1151337872
1151912506
1152436303
1153171809
1153528795
1153562055
1154257162
1154724526
1155442779
1155593321
1155836375
1156485027
1156571597
1156747843
1157053458
1157308337
1157627020
1157947223
1158126305
1158327118
1158599571
1158798919
1159333929
1159649976
1159808478
1160311676
1160833665
1161224697
1161854678
1162052568
1162073936
1162236132
1162641531
1162728515
1162730605
1162828866
1162998871
1163396135
1163549116
1163721964
1163839993
1164298667
1164625469
1164774336
1164804814
1164865786
1165126118
1165327729
1165652059
1166051074
1166347917
1166987829
1167178081
1167346132
1167367763
1167729513
1167755010
1168022163
1168052886
1169253775
1169779234
1170313214
1170938813
1171068986
1171490381
1171497332
1171569052
1172168377
1172395050
1173177543
1173458238
1173731337
1173742463
1173785803
1174337551
1174374071
1174539304
1174661582
1175180792
1176075311
1176198407
1176649276
1176772723
1176782549
1178379797
1178752017
1178778767
1179058359
1179615040
1179952029
1179988691
1180991085
1181032345
1181131651
1181786658
1181941350
1182038199
1182061851
1182165775
1182260855
1182499964
1182725708
1182824433
1183081795
1183493207
1183738150
1183740779
1183754641
1183964934
1184046389
1184431321
1184683431
1184965133
1185755490
1185929861
1186699339
1186719806
1188052946
1188092932
1188382312
1188972838
1189066650
1190062052
1190304636
1191238008
1191568807
1192144399
1192554313
1192771072
1192953232
1193137584
1193269745
1193392964
1193524033
1193591513
1193597469
1193817164
1193967771
1193978450
1194059449
1194180428
1194445683
1194773379
1195360661
1195569324
1195630173
1195986768
1195991639
1196318775
1197067778
1197584666
1197590779
1197781064
1197929302
1198283183
1198327352
1198404123
1198660851
1198692650
1199182607
1199352073
1199483112
1199655456
1199666012
1199705389
1199719382
1200178152
1200626149
1200912218
1201089249
1201611812
1202061145
1202211050
1202480772
1202628019
1202841097
1202866515
1203379822
1203401826
1203607014
1203669160
1204083024
1204214448
1204266649
1204358987
1204361649
1205079281
1205099793
1205366768
1205511040
1205717653
1205753246
1207292594
1207564787
1207800902
1208370588
1208870252
1209151242
1209176249
1209337848
1209350672
1209586685
1210121711
1210887411
1210904757
1210906063
1211051168
1211713356
1211726992
1211806092
1211911292
1212155340
1212371365
1212389996
1212794185
1212857309
1212952126
1213021008
1213113041
1213413488
1213469529
1213990867
1214504416
1214765575
1215045074
1215158065
1215271369
1215454848
1215468103
1215645468
1215685304
1216471523
1216606306
1216795678
1216820518
1217145599
1217616497
1217634451
1218056628
1218431609
1218890181
1218943693
1219174648
1219251538
1219269046
1219310285
1219417447
1219485313
1219694017
1220077357
1220207384
1220228451
1220284864
1220294407
1221555147
1221846918
1222173509
1222451500
1222584302
1222758337
1222962457
1223053674
1223165265
1224333046
1224647811
1224851997
1224925250
1225204389
1225461819
1225709051
1226101788
1226102844
1226487518
1226532685
1227888171
1227929286
1228230273
1228486571
1228937219
1229113917
1229144144
1229176900
1230003725
1230059899
1230262551
1230998365
1231348414
1231996136
1232028545
1232177973
1232809859
1232935976
1233359076
1233587775
1233845992
1234178887
1234511964
1234631234
1234819182
1235710396
1236112127
1236221044
1236221485
1236536462
1236588166
1236688599
1236937366
1236946306
1237137557
1237156103
1237214193
1237478865
1238089524
1238519605
1238743201
1238769810
1239590867
1239894862
1239906982
1240079442
1240613660
1240616969
1240731801
1241134428
1241329757
1241356222
1241531234
1241644535
1241878867
1242143346
1242168690
1242217195
1242217470
1242326793
1242378861
1242401924
1242457441
1242627828
1242992201
1243322497
1243436988
1243519796
1243612841
1243679140
1243992328
1244742787
1244767453
1244813502
1244860697
1245116605
1246810540
1247347425
1247523227
1247706332
1247985588
1248709366
1248744133
1248927580
1249455115
1249520321
1249688687
1249925878
1250275325
1250970606
1251718635
1251835643
1251851004
1252011795
1252038597
1252188767
1252587108
1252820327
1253078197
1253168490
1253751264
1253945871
1253993044
1254211025
1254722925
1254876141
1255283165
1255447860
1255967886
1256070983
1256072954
1256164902
1256263723
1256458992
1256842216
1257218198
1257235052
1257303421
1257318822
1257367038
1257460591
1257610100
1257803805
1257881603
1257899724
1257920984
1258228221
1258620334
1258857488
1258942615
1259231171
1259756024
1260158758
1260235445
1260379094
1260614714
1260715358
1261241823
1261463214
1261666373
1261726844
1261794388
1261947933
1262058297
1262256953
1262733469
1263009173
1263526417
1263764146
1264015594
1264052903
1264336154
1264489857
1265117228
1265314126
1265624777
1265816788
1265821830
1265893224
1265983439
1266155036
1266261264
1266660664
1266851763
1266859621
1267183191
1267243576
1267285617
1267327869
1267698703
1268140045
1268207583
1268547199
1268778193
1269806369
1270101428
1270213985
1270226503
1270313382
1270624998
1272021661
1272107022
1272136711
1272282213
1272517338
1272795042
1273158420
1273186267
1274421985
1274663768
1274711562
1274966833
1275100822
1275498684
1275757866
1276869731
1277067833
1277339034
1277758189
1277805254
1277896417
1277980282
1278062722
1278218697
1278220243
1278762677
1279539188
1279659650
1279780895
1280037078
1280152884
1280918736
1281286086
1281344585
1281477294
1281558505
1281563471
1281602122
1281782019
1282137654
1282292642
1282475831
1282708790
1283026902
1283269387
1284912446
1285045845
1286018097
1286151663
1286963693
1287278813
1287313468
1287445630
1287924905
1287997755
1288382918
1288593180
1289073400
1289123545
1289598375
1289605628
1290204323
1290393913
1290621305
1290872684
1291199639
1291318742
1291894812
1292232179
1292301000
1292425685
1292445152
1292584152
1292598186
1292766969
1293112208
1293130564
1293186756
1293210939
1293427830
1293564972
1293571492
1294194539
1294284165
1294360889
1294436515
1294558443
1294962004
1295259640
1295727085
1295777026
1295928998
1296104352
1296306618
1297611508
1298027365
1298122996
1298168839
1298291240
1298428166
1298472081
1298564898
1298933923
1299351792
1299408134
1299530905
1300025520
1300671954
1301439887
1301623824
1301698167
1301843494
1302153587
1302193696
1302470803
1302917356
1302918318
1302998311
1303286543
1303707834
1303926474
1304489326
1304784066
1304788725
1304845242
1305110581
1305285850
1305320585
1305567943
1305587739
1305712610
1305949860
1306193208
1306564037
1307195535
1307403246
1307546555
1308224384
1308246179
1309411899
1309453113
1309654329
1310219787
1310693334
1310784539
1311077365
1311082036
1311327917
1311816843
1312101220
1312712506
1312771362
1312899662
1313181653
1313861839
1314053192
1314314947
1314482970
1314771256
1314962367
1315120521
1315216997
1315265816
1315961997
1316098095
1316629254
1316781917
1316935882
1317186386
1317544410
1317565687
1318268448
1318523468
1318856647
1319092260
1319493744
1319879050
1320179462
1320444680
1320965539
1321308105
1322311518
1322512879
1322952250
1323106178
1323265808
1323538424
1323875707
1324024401
1324305464
1324735561
1325248170
1326220648
1326247022
1327007448
1327030078
1327382016
1327406281
1328051620
1328054982
1328125294
1328873220
1328902220
1329196275
1329451898
1329773962
1329799430
1329937600
1330093462
1330906057
1331144076
1331565818
1331669422
1331731321
1332336853
1332732974
1332916863
1334250085
1334781776
1335079407
1335246290
1335279963
1335631169
1335779284
1335907815
1336300158
1336685835
1336691734
1336734886
1336952401
1337268055
1337500625
1337601464
1337750628
1338090512
1338195863
1338328026
1338830735
1339334903
1339454076
1339454191
1339668885
1339699425
1339791381
1340015428
1340082069
1340136419
1340169040
1340347927
1340403476
1340714660
1340859039
1340924335
1340941548
1341028905
1341249083
1341261144
1341837498
1341885469
1341988092
1342125103
1342766651
1342788267
1343564442
1343702410
1343781048
1343790912
1343854843
1343962646
1344056673
1344089114
1344304848
1344333254
1344479174
1344630060
1344700757
1344737752
1344763559
1344880143
1344932765
1345010779
1345158002
1345518901
1345601935
1345724039
1346262591
1346281514
1346465171
1346476242
1346668121
1346797291
1346967004
1347085625
1347392370
1347905277
1348032611
1348143170
1348419592
1348958652
1349630080
1349686952
1349902494
1350000510
1350160768
1350189457
1350582501
1350928079
1350991190
1351095060
1351143747
1351971823
1352059967
1352673095
1353128610
1353341149
1353456570
1353994776
1354032954
1354725692
1354878837
1355250447
1355524799
1355649339
1355728063
1356139122
1356175945
1356444180
1356812702
1356912568
1356995181
1357055684
1357488555
1358531171
1358798643
1358833594
1358853753
1358919093
1359215446
1359499030
1359516123
1359616460
1359926331
1360532408
1360953296
1360997822
1361531951
1361790324
1362469560
1362618862
1362664060
1364908680
1364964785
1365402965
1365789150
1366406953
1366412609
1366772181
1366875155
1367026490
1367120037
1367123376
1367480393
1367544323
1368185031
1368569540
1368929359
1369106603
1369395834
1369695675
1369772367
1369984428
1370172868
1370249791
1370277445
1370328475
1370583419
1370640956
1370678213
1370850001
1371065117
1371340071
1371896906
1372196906
1372219548
1372528288
1372990720
1373028679
1373253476
1373378423
1373392742
1374907871
1374980432
1375039604
1375309619
1375389645
1375396211
1375771471
1375956600
1376069685
1376083455
1376174811
1376461365
1376608181
1376906857
1376961593
1377563013
1377630887
1377851170
1378017206
1378086835
1378245611
1378283447
1378730366
1378890734
1378966541
1379002756
1379166117
1379453137
1379492142
1379619547
1379802570
1380168629
1380207799
1380272401
1380385284
1380603149
1380682513
1380855994
1381177513
1381260264
1381361078
1381475260
1381658399
1381659946
1381693019
1381781038
1381875907
1382047709
1382209321
1382894910
1383650480
1383931251
1384106326
1384450779
1384516382
1384614922
1384956793
1385169975
1385835402
1385987284
1386128117
1386271849
1386321361
1386432392
1387069819
1387177581
1387266747
1387284486
1387287513
1387974601
1388047497
1388172791
1388492038
1388927920
1389743581
1389792733
1390148009
1390301275
1390455904
1390482115
1390724057
1391075569
1391311323
1391931713
1393070167
1393087032
1393277920
1394015938
1394091849
1394135723
1394252580
1394313537
1394624820
1395188734
1395526466
1395529070
1395623540
1395855813
1396101710
1397429587
1397574615
1397857075
1398334780
1398534635
1398643350
1398901129
1399153791
1399200516
1399592648
1400010139
1400482396
1401999569
1402122349
1402499059
1402525805
1402536047
1402652371
1402810862
1403144649
1403342668
1403788432
1404687302
1404912766
1405169484
1405194169
1405401416
1405685492
1405986887
1406244893
1406332877
1406360518
1406598488
1406784011
1407399722
1408014454
1408034081
1408385011
1408736045
1409220461
1409266454
1409331805
1409337551
1409689229
1409855720
1409943840
1410032771
1410083655
1410444086
1410633005
1410738586
1410791401
1410922473
1411146794
1411244676
1411327195
1411813327
1411957165
1412155283
1412280442
1412577526
1412783783
1412909211
1413011081
1413183008
1413236224
1413365197
1413400332
1414160540
1414337525
1414667414
1414979966
1415448260
1416224970
1416604125
1417017967
1417120092
1417212682
1418234339
1418508017
1418600950
1419376643
1419432968
1419445817
1419661963
1419971566
1420282609
1421288386
1421540150
1421633085
1421853491
1422304731
1422606578
1423300873
1423626767
1423627891
1423955078
1424129925
1424142543
1424200258
1424668028
1424866456
1425076101
1425744669
1425791339
1425999397
1426720177
1426946517
1427244261
1427278262
1427400874
1427774619
1427807374
1428670081
1428898528
1428972853
1429345173
1429679710
1429691850
1429891779
1430560912
1430636376
1430800688
1430813075
1431225370
1431442390
1431958180
1432350296
1432506453
1432534185
1433180764
1433214419
1433481818
1433783907
1434278949
1434570510
1434797002
1434892657
1435429130
1435571078
1436241043
1436511337
1437039368
1437153515
1437232219
1437332397
1437550735
1437626315
1437706640
1438179891
1438212544
1438690767
1438927570
1439094491
1439132032
1439189206
1439554085
1439641390
1440783321
1440836566
1441045720
1441055928
1441063098
1441133599
1441270184
1441300497
1441453413
1441971383
1442019318
1442028194
1442073497
1442165942
1442238482
1442270044
1442820100
1443137045
1443364704
1443519775
1444058947
1444132973
1444254357
1444291490
1444339283
1444486992
1444543013
1444555303
1445359809
1445484295
1445528954
1445562355
1446085403
1446239754
1446341036
1446506434
1446842882
1446961413
1447063406
1447390919
1447392294
1447523846
1447539964
1447569511
1448048969
1448070688
1448144228
1448156835
1448163718
1448651527
1448672909
1448891491
1449238123
1449596244
1449797459
1450182919
1450452623
1450593491
1450652794
1451151350
1451154119
1451179301
1451183151
1451242216
1451468465
1451714762
1451817739
1452221690
1452376526
1452446082
1452716251
1452914160
1452927316
1453160502
1453290237
1453346153
1454152153
1454518171
1454521286
1454688849
1454772219
1454819943
1454850351
1455057851
1455612940
1455620196
1455782739
1456068691
1456077802
1456131958
1456385068
1456442927
1456752801
1456777133
1457007447
1457103397
1457803145
1457928863
1457941201
1458056698
1458099923
1458177474
1458318415
1458595991
1458601882
1458741704
1458861760
1458893841
1459120475
1459147317
1459282347
1459332148
1460133157
1460158826
1460198149
1460235553
1460322640
1460343682
1460463789
1460696006
1460709256
1460725979
1460854541
1460929608
1461060921
1461202762
1461474887
1461524442
1461703405
1462029618
1462114378
1462229090
1462448993
1462623435
1462828395
1463003098
1463032240
1463048051
1463124099
1463124613
1463747729
1463892456
1464377209
1464583732
1464880907
1464945735
1465289393
1465388432
1465432276
1466187740
1466306840
1466858507
1466991885
1467099885
1467166505
1467518142
1468107193
1468284866
1468480728
1468503316
1468592818
1469002925
1469319346
1469347219
1469350761
1469411231
1469531911
1471081979
1471457004
1471691053
1472250437
1473392395
1473561293
1474072268
1474348842
1474427597
1474524664
1474778702
1474954449
1475496553
1475786394
1475855128
1475953212
1476492000
1476693392
1476794105
1477328445
1477595193
1477947229
1478163877
1478335636
1478677874
1479572000
1479721147
1479853374
1480036508
1480040575
1480657085
1480657459
1480856950
1480883002
1480968084
1481233691
1481254704
1481693752
1481966680
1482958401
1483020812
1483155269
1483179262
1483190793
1483248676
1483589735
1483863268
1484657371
1484660294
1484851633
1485290782
1485294855
1485314416
1485814384
1486050032
1486099422
1486525093
1487737976
1488064179
1488418710
1488576878
1488756808
1489157741
1489356795
1489491829
1489620915
1489773655
1490033980
1490130268
1490220613
1490948104
1491250951
1492136126
1493063070
1493103692
1493234491
1493238011
1493327833
1493464758
1493814123
1493955233
1493968909
1494019413
1494065154
1494220915
1494557098
1494559187
1494594704
1495587748
1495854699
1496225302
1496500270
1496520975
1496574042
1496726289
1497372883
1497569130
1497586201
1497657353
1497700128
1498159744
1498763216
1499226953
1499602190
1499676558
1499680107
1499775917
1499977712
1501104042
1501908110
1502050247
1502116503
1502333700
1502485387
1502674496
1502786801
1503342458
1503621977
1504158767
1504337219
1504409900
1505255118
1505667481
1505863245
1506140487
1506526378
1506621465
1506640603
1506664998
1506999741
1507351265
1507662691
1507688854
1507739076
1507816428
1508212916
1508340616
1508454644
1509128297
1509191129
1509343417
1509369746
1509503748
1509793923
1510108549
1510142099
1510428143
1510713216
1510734036
1511221900
1511529829
1511535086
1511632354
1511838639
1512554462
1513414427
1513428512
1514156118
1515010300
1515071857
1515691191
1515800420
1515956671
1515969184
1516661301
1518144128
1518352448
1518803600
1519281047
1519558101
1520586571
1521047766
1521261129
1521516690
1521659106
1521761814
1521936234
1523746710
1523863785
1524317409
1524365277
1524608429
1524676559
1525183397
1525505827
1525788379
1526169448
1526515150
1526642690
1526805066
1527176464
1527214511
1527499632
1527524928
1527730304
1528029009
1528393284
1528398703
1528528630
1528986872
1529016381
1529171553
1529436701
1529594977
1529640891
1530148739
1530184305
1530200816
1530268872
1530552457
1530671469
1530720311
1531061759
1531077902
1531305815
1531731028
1532228988
1532313806
1532992960
1533232697
1533353052
1533496054
1533496921
1533742038
1534038644
1534630033
1534793655
1535218548
1535229102
1535341664
1535732729
1536455669
1536626061
1537068348
1537125186
1537425764
1537739692
1538325282
1538483638
1538657062
1538731415
1539890756
1540093562
1540110471
1540379060
1540479197
1540507040
1541311661
1541373424
1541756017
1542448768
1542463207
1542775771
1543099552
1543386922
1543449904
1543916809
1544012484
1545706916
1546059419
1546260113
1546616367
1546720712
1547415403
1547427227
1547795625
1547893098
1547927211
1548113329
1548115001
1548534652
1548651599
1548840208
1549209671
1549439159
1549698355
1549945118
1550356362
1550378667
1550401382
1550446201
1550459751
1550739602
1550918304
1551406937
1551623339
1552097359
1552387025
1552666574
1552762225
1552773001
1552781207
1552812351
1552880402
1553106689
1553708396
1553852425
1554078950
1554187316
1554466047
1554713171
1555097454
1557241000
1557788475
1557969545
1557972718
1558413128
1558469275
1558484951
1558492530
1558816526
1558837583
1559026299
1559568178
1559711566
1559922047
1560023083
1560513035
1560686196
1560997716
1561112157
1561131037
1561255383
1561501931
1561621398
1562555581
1562781062
1563316686
1563327310
1563625853
1563640656
1564282566
1564504941
1564685511
1564984886
1565403860
1565422503
1565844965
1566158601
1566197172
1566593096
1566634382
1566946335
1567098938
1567581083
1567764114
1567858556
1568529220
1568880547
1569346488
1569554560
1569597442
1569620203
1569947370
1571024275
1571582171
1571761392
1571951721
1572055726
1572330413
1572462728
1572580483
1572824843
1572892585
1573032748
1573346907
1573963089
1574000903
1574673958
1574846764
1574883711
1575230010
1575378701
1575918946
1575945211
1575966597
1576142293
1576180177
1576205613
1576320651
1576830764
1576913523
1577152027
1577368575
1577400974
1577821379
1578397094
1579053579
1579854622
1580634325
1580872953
1580879159
1581600212
1581699472
1582000233
1582269686
1582341772
1583629756
1583648388
1583675699
1584601282
1584637470
1584758519
1585520423
1585867011
1585977761
1586010591
1586220498
1586606981
1586663392
1587122091
1587766335
1588055238
1588098088
1588357254
1589086678
1589121226
1589129525
1589608341
1589787620
1590195380
1590292416
1590447177
1590587563
1590988239
1591448360
1591550361
1591635536
1592304447
1593196128
1593334036
1593777864
1593781013
1594314855
1594635291
1595327827
1595330039
1595389926
1595501131
1595796160
1595812376
1596061596
1596971638
1597078317
1597591918
1597908813
1598067338
1598218309
1598303089
1598418594
1599117872
1599270124
1599447106
1599597310
1600251858
1600899200
1601247880
1601673881
1601731147
1601914089
1602107950
1602239596
1602430778
1602433312
1602498913
1603327223
1603349987
1603935252
1604124908
1604722868
1604850976
1604951335
1605820309
1606090115
1606426013
1606959424
1607252899
1607746115
1607974138
1608054436
1608589547
1608594275
1609015983
1609075724
1609664488
1609684185
1609806577
1609866587
1611909582
1612006652
1612053311
1612237529
1612377709
1612483989
1612616624
1612674322
1612918706
1613044646
1613992105
1614384949
1616460712
1616498991
1616678764
1617117514
1617145370
1617175935
1618026025
1619126209
1619187187
1619540548
1619668965
1621079916
1621725280
1621840305
1622556545
1622920048
1623352250
1623612654
1623781935
1624512428
1625322412
1625340835
1625484732
1625806309
1626022063
1626140397
1626519422
1626712888
1627013906
1627287705
1627564657
1628672804
1628977109
1629222601
1629851903
1630134994
1630369186
1630488314
1630871972
1630893767
1631086714
1631529259
1631578257
1631922328
1632274523
1632774395
1632874332
1633308272
1633829190
1633993325
1634040424
1634736098
1634776914
1634933636
1635255863
1635853268
1636309474
1636417092
1637026995
1637053710
1637207228
1638561176
1639058673
1639202609
1639353437
1639385201
1639405752
1639600730
1639759664
1640152484
1640367926
1640648329
1640820128
1641192519
1641209482
1641276453
1641461871
1642016395
1642125813
1642491451
1642763666
1643316636
1643348798
1643419473
1643840684
1644755238
1644783335
1645016500
1645632728
1645647017
1645940975
1646080859
1646091701
1646623427
1646968233
1647334286
1647477773
1647841385
1647946220
1648411881
1648438849
1648525233
1648720660
1648792421
1648855664
1649004728
1649064455
1649251951
1649348144
1649770163
1650164645
1651197714
1651319457
1652252652
1652450462
1652656639
1653189757
1653280225
1653292421
1653487198
1653769272
1654333987
1654486629
1654813732
1654966615
1655203422
1655550764
1655615439
1656342760
1656391020
1656950235
1657280421
1658106835
1658737393
1658996425
1659044323
1659511182
1660156112
1660509426
1660685385
1660694878
1661027927
1661070969
1661108428
1661915396
1662495408
1662788269
1663060456
1663133854
1663206017
1663373054
1664014210
1664139338
1664141406
1664184008
1664442409
1664457707
1664947872
1665205398
1665684303
1665950494
1666062853
1666068505
1666157677
1666174937
1666179689
1666219402
1666287780
1666293228
1666305394
1666433361
1666651827
1667027202
1667140783
1668239607
1668493691
1669130531
1669209219
1669263008
1669282202
1669522155
1669547362
1669576501
1670303954
1670597252
1670655687
1670667595
1670962483
1671084343
1671375354
1671615428
1671718396
1671943188
1672048542
1672270388
1672359110
1672407910
1672570515
1672591629
1672695769
1672741486
1672916946
1673023833
1673214750
1673341358
1673433870
1673562975
1673858818
1674327854
1674775812
1674953491
1675159828
1675221092
1675286280
1675978241
1677286141
1677541811
1677624487
1677771496
1677840297
1678104539
1678475214
1678587081
1678686858
1678945499
1679512046
1679820532
1680972940
1681018710
1681219210
1681268681
1681385479
1681625380
1682046692
1682165554
1682396435
1684497430
1685390192
1685533484
1685666193
1685689543
1685845911
1686364795
1686501979
1686567606
1686711749
1687045341
1687536669
1687959305
1688475506
1688661554
1688777200
1688790823
1688811052
1689040554
1689051980
1689777614
1689944768
1690092500
1690168275
1690433786
1690452525
1690509585
1691425880
1692153561
1692718593
1692844247
1692883864
1693091319
1693131607
1693244331
1693553472
1693637718
1693726850
1693839974
1694666099
1694890880
1695331806
1695617039
1695621804
1695746019
1696221104
1696657839
1696929688
1697084208
1697184000
1698238697
1698359551
1698918759
1699067012
1699202489
1699502947
1699503960
1699576902
1700025855
1700854211
1700899671
1701308127
1702001826
1702022809
1702215041
1702476258
1702556059
1702604425
1702655091
1702898404
1702921762
1703840254
1704063841
1704214882
1704268681
1704328543
1704394421
1704564390
1704667990
1704703323
1705248327
1706092309
1707057316
1707092877
1707101081
1707109503
1707681787
1707914230
1708194707
1708622373
1708638182
1708755270
1709007338
1709083803
1709798828
1709935112
1709935466
1709958984
1709994610
1710801947
1710881061
1710949903
1711195292
1711610216
1711804970
1712074387
1712490675
1712525632
1712937853
1713120217
1713303222
1713832702
1713886678
1714346111
1715255685
1715438880
1715500329
1716238490
1716757764
1716766951
1716955423
1717259985
1717465715
1717639503
1717850593
1719212301
1719306195
1719435790
1719484502
1719572805
1719601630
1720003552
1720241056
1720342102
1720518896
1720773294
1721239778
1721433863
1721797084
1722537279
1722621668
1722673640
1722957880
1723548012
1723620034
1723957647
1724187131
1724315913
1724671648
1725807227
1725947918
1726489259
1726607280
1726669580
1726669804
1726757319
1726917723
1727011423
1727256653
1727346653
1727965905
1727996189
1728364077
1728379902
1728479896
1729374058
1729509919
1729534023
1729617282
1729885457
1729949012
1730088657
1730837410
1730860920
1730889008
1730987682
1731101273
1732112351
1732178167
1732335505
1732570608
1732581832
1732930273
1732931362
1733388165
1733407927
1733408364
1733508438
1734619548
1734930837
1735032491
1735073429
1735074577
1735103182
1735664900
1735823670
1735965169
1736194020
1736484742
1736820540
1737924282
1738142311
1738144957
1738553669
1738555283
1738678046
1738901350
1739249671
1739294215
1739467754
1740212470
1740354774
1740661978
1740845454
1740927076
1741003013
1741062725
1741427498
1741429416
1743033642
1743325146
1743533697
1743842086
1744043115
1744381100
1744555383
1744559079
1744826761
1745340332
1745532848
1745628215
1745796799
1746141062
1746444595
1746653560
1746742804
1747279350
1748398165
1748612379
1748943854
1749018168
1749654332
1749927502
1750488543
1750508034
1750681765
1750849927
1750946775
1751097334
1751120130
1752343610
1752532133
1752943831
1753148088
1753593571
1754167663
1755903023
1756158254
1757690240
1757816698
1757948370
1759590860
1759657252
1760067439
1760197580
1760554123
1760941272
1761663166
1762275591
1762344947
1762452468
1763120602
1763237387
1763542971
1763542979
1763672536
1763934419
1763979681
1764327154
1764367387
1764648213
1764891030
1765208557
1765314671
1766222385
1766248455
1766388124
1766533030
1766583889
1766868529
1767013800
1767028656
1767187597
1767395271
1767871990
1768112172
1768485806
1769444304
1770009819
1770204183
1770274216
1770506448
1770704208
1770959518
1770988402
1771144417
1771473775
1771528500
1771546967
1771971576
1771979947
1771983541
1772229264
1772307336
1773109364
1773270375
1773975184
1774155422
1774331766
1774689050
1774904583
1775074908
1775160598
1775708565
1775950084
1776084366
1776170475
1776961273
1777300368
1777679860
1777898973
1778143883
1778674638
1778684360
1779088251
1779170215
1779215124
1779650361
1779860355
1780031410
1780229910
1780330784
1780466509
1780537437
1780579439
1780836385
1781127450
1781681716
1782862631
1782867404
1783019060
1783302557
1783334661
1783976330
1784039105
1784049475
1784125138
1784272093
1784356601
1784362781
1784611102
1784675022
1784680950
1784802617
1784860023
1784992298
1785227521
1785616823
1785823636
1786122483
1786893225
1786945073
1787107048
1787186453
1787206597
1787418005
1787720835
1787741009
1787748360
1787986309
1788055602
1788535065
1788582403
1789152972
1789153211
1789417959
1789645271
1789789013
1790082470
1790230822
1790333490
1790420834
1790442632
1790690785
1790716449
1790898154
1791000276
1791017319
1791123028
1791158049
1791553061
1791777585
1792149943
1792463784
1792465830
1792662237
1792902894
1793206696
1793263690
1793573193
1794196844
1794903440
1795265434
1795315638
1795543388
1795850871
1796153015
1796180286
1796220053
1796626592
1796946862
1796961923
1797266865
1797362539
1797851676
1798103573
1798339667
1798556869
1798962196
1799029268
1799468486
1799699721
1799932408
1799956353
1799993003
1800138744
1800604666
1800783324
1800789582
1800851748
1801320841
1801589328
1801792703
1802338288
1802530953
1802683611
1802880599
1803693900
1803715156
1803804997
1804313623
1804665731
1804910777
1805093672
1805270478
1805543933
1805649631
1806234383
1806244757
1806428784
1806569386
1806994324
1807515542
1807524122
1808235201
1808458375
1808856564
1808893540
1809021443
1809384961
1810120003
1811223122
1811892633
1812166870
1812272598
1812747223
1812823738
1813025870
1813832848
1813930851
1814409747
1814486102
1814553014
1814651120
1815020404
1815265127
1815575873
1815916164
1816294781
1817009733
1817080560
1817197166
1817824526
1818050517
1818125684
1818234806
1818461611
1818528813
1819102008
1819916073
1821000339
1821872173
1822003222
1822183329
1822581353
1823225280
1823227191
1823669107
1823958696
1824368750
1824638613
1824715909
1825119732
1825167402
1825191704
1825803033
1825807300
1825825928
1825940560
1826117981
1826324742
1826521274
1826535997
1827126726
1828416080
1829058795
1829118918
1829499733
1829575819
1829584264
1829853484
1830221071
1830416719
1832851069
1832956459
1833512456
1833531953
1833625864
1833752228
1834404313
1834609423
1834744533
1835000469
1835410868
1835427658
1835587230
1835681339
1835977655
1836112527
1836809688
1836844126
1837159642
1838137656
1838360284
1838486261
1838741437
1838861302
1838884931
1839189534
1839330813
1839722116
1840294782
1840770169
1841103385
1841265267
1841307434
1841371677
1841442908
1841635921
1842630026
1843732662
1843734195
1843756932
1843931386
1844324594
1844722985
1845803580
1845945534
1847625794
1848231671
1848307198
1848463278
1848950990
1849455211
1849725594
1849850147
1849999285
1850315300
1850647864
1850866608
1851031812
1851085996
1851139241
1851404702
1852041282
1852194193
1852614221
1852706338
1852806467
1852977083
1853293503
1853397988
1853512512
1853587175
1853626590
1854155649
1854158527
1854207134
1854475197
1854873442
1855239856
1855246587
1855371774
1855412195
1856050246
1856177654
1856311951
1856619741
1856704372
1856713169
1856895109
1857009490
1857451340
1858288573
1858403297
1858577250
1858765459
1858838129
1859060528
1859175030
1859273354
1859600899
1859744948
1860313774
1860470626
1860512352
1860887594
1861312152
1861325237
1861328913
1861612926
1861802058
1862070732
1862176155
1862877640
1862889913
1862908072
1863168417
1863439375
1863563969
1863621819
1863622391
1864201975
1864475198
1864727862
1865136775
1865338034
1865680063
1866609804
1867185676
1867844823
1868667616
1868843926
1869225904
1869792354
1869831710
1869843820
1869990701
1870266726
1871125488
1871282396
1871842179
1872402135
1873158452
1873220535
1873700875
1873735050
1874210988
1874514246
1874531907
1874865386
1874945346
1875337561
1875921863
1875930419
1876018375
1876198717
1877750934
1877766619
1878231285
1878344261
1878347829
1878612860
1878882999
1879042698
1879226512
1879334392
1879362509
1879516022
1879743711
1879794325
1879899634
1880673940
1880697737
1881150427
1881362233
1881415694
1882329864
1882514753
1882868403
1883434788
1884443346
1884472029
1884564924
1884804204
1884812821
1884830861
1885141592
1885191059
1885567019
1885604235
1885798636
1885953823
1886312539
1886783871
1887188488
1887298727
1887409370
1887943722
1888535113
1888699648
1888944443
1889026421
1889408424
1889661864
1889868212
1890715513
1891264278
1891265559
1891454474
1891541974
1891810388
1892412648
1892439222
1893150360
1893430130
1893954014
1894395549
1895417179
1895583912
1895986339
1896662373
1896729613
1896978197
1897081300
1898185377
1898611909
1898613625
1898896574
1898977470
1899251750
1899362493
1899396783
1899429934
1899784923
1900093044
1900331462
1900496234
1900923571
1901012989
1901315685
1901337253
1901369795
1901426451
1901568753
1901759946
1902408966
1902827748
1902827790
1903048636
1903079710
1903253995
1903315286
1903484234
1904016928
1905043307
1905491116
1905704826
1906279468
1906292678
1906557691
1906949304
1907960415
1908028953
1908494909
1909800656
1910189607
1910228658
1910249407
1910361961
1910463465
1910512288
1911326688
1911677616
1912274867
1912349270
1912371196
1912895810
1912922115
1912931595
1913591388
1913593303
1914505299
1915796721
1916293321
1916453364
1916625757
1917175598
1917272847
1917329126
1917371993
1917556557
1917585443
1917905709
1917951572
1918041081
1918463261
1918883611
1919328917
1919366960
1919451958
1919594741
1919844606
1919913232
1920049483
1920198441
1920540202
1920634651
1920666413
1920817578
1921023118
1921228225
1921512239
1921513765
1921572963
1921939968
1922046996
1922181968
1922955201
1923225583
1923266956
1923926612
1924088938
1924382193
1924722518
1924733595
1925031235
1925392725
1925892519
1925958632
1926022499
1926067862
1926233044
1926655588
1926658806
1926671278
1926841479
1927536691
1927671730
1927861187
1927906990
1928966752
1929011481
1929349979
1929740060
1929988187
1931390017
1931596290
1931597228
1931879857
1932650524
1932904144
1933410946
1933534821
1934316842
1934340354
1934611511
1934710019
1934859806
1934860347
1935137940
1935493792
1935553542
1935623884
1935758596
1935996662
1936084379
1936478051
1936799928
1936911866
1937431618
1937985391
1938239592
1938425781
1939291754
1939413822
1939918271
1939919958
1940423102
1940885709
1940970971
1941343272
1941438815
1941558683
1941652151
1942018705
1942143045
1942621016
1942791858
1942948556
1943976529
1944741816
1945434691
1945817077
1945873548
1945931533
1946352980
1946576173
1946711085
1946749064
1947201202
1947306974
1947402820
1947472780
1947538869
1947561127
1948140440
1948368867
1948383027
1948608002
1948826354
1949390839
1949846596
1950384976
1951486201
1952010973
1952072309
1952257573
1952338908
1952976261
1953102598
1953424590
1953557425
1953699053
1953861848
1954111396
1954310880
1954441566
1954755505
1955398070
1955613977
1956159343
1956239969
1956451258
1956534371
1956673936
1956844815
1957547311
1958608101
1959428072
1959756323
1960151487
1960231573
1960303289
1960640545
1960735311
1960818238
1960982508
1961009881
1961236793
1961260541
1961839551
1961923701
1961953430
1963232036
1963466998
1964006819
1964110162
1964315928
1965076255
1965476363
1966303354
1966382613
1966798116
1967768687
1968063218
1968244420
1968401149
1968479297
1968838220
1969057799
1969185813
1969557841
1969566131
1969645447
1969693378
1970119296
1970734632
1970805489
1970889136
1970966102
1971045824
1971124072
1971189114
1971611579
1971667566
1971800862
1971977303
1972129588
1972214459
1972223636
1972342191
1972701783
1972865787
1973080088
1973209733
1973642985
1973706964
1974089913
1974309268
1974341276
1974411876
1974638497
1974816730
1974910178
1975017383
1975242207
1975437222
1975666277
1976418177
1976644284
1977505131
1978295452
1978354487
1978368569
1978552585
1979698598
1979952471
1980155289
1980294507
1980449153
1980878082
1980937319
1981547903
1982539975
1982677394
1982971742
1983385494
1983420499
1983479528
1983885791
1984130234
1984369609
1984889949
1985027060
1985047953
1985065050
1985213440
1986085316
1986686198
1986749313
1987429485
1987600839
1987664305
1987915143
1989290225
1989539862
1989920177
1989941159
1989974791
1990098561
1990217850
1990733024
1990979806
1991078737
1991081209
1991341463
1992148311
1992342753
1992567992
1992739786
1992768028
1992871433
1993089759
1993335384
1993434210
1993584060
1993863178
1994086669
1994250419
1994656987
1994739517
1994777023
1994790864
1994825022
1994905175
1995144276
1995323822
1995651204
1995809218
1996240984
1996487699
1996723239
1998289410
1998952933
1999040111
1999350388
1999614476
1999812759
1999896063
2000136982
2000433539
2000727932
2000775604
2000972452
2001218616
2001346072
2002360121
2002378065
2002482010
2002507135
2002785970
2003809658
2004695268
2004727209
2004840042
2004843663
2004957364
2004961671
2005288534
2005355729
2005592928
2005826947
2006129978
2006331452
2006336702
2006617557
2008441928
2008897723
2008966700
2009013915
2009371392
2009491260
2010715486
2010817077
2011064899
2011123959
2011181171
2011223126
2011466586
2011839320
2011900065
2012385260
2012492199
2012894045
2013053272
2013283957
2013671781
2013781195
2014167688
2014476114
2014506370
2014517303
2014866008
2015040651
2015143830
2015587493
2015674667
2016018825
2016091587
2016205513
2016210901
2016262988
2016342900
2017100398
2017316145
2017345800
2017409064
2017617389
2017867479
2018102015
2018186889
2019063917
2019190500
2019396450
2020018282
2020129253
2020203132
2020507214
2020712526
2020772558
2021150008
2021736852
2021863559
2022084191
2022189839
2022356286
2022450804
2022562640
2022768257
2022993364
2022997167
2023229418
2023393063
2023439488
2023627928
2023751379
2023759517
2024190044
2024333297
2024384511
2024664565
2024668752
2025032455
2025290194
2025920585
2025988393
2026493732
2026684794
2027030681
2028666990
2029037665
2029148791
2029199563
2029204519
2029487180
2029648313
2029758877
2030120936
2030396580
2030580673
2031368661
2031633283
2031723996
2031918363
2032115431
2032256485
2032267509
2033039374
2033197609
2033392194
2033820584
2033823356
2033859748
2034376452
2034797509
2034823290
2034916901
2035127010
2035133985
2035137610
2035312996
2035659301
2035757019
2035907214
2036018697
2036128398
2036134527
2036254887
2036291389
2036401665
2036409639
2037007335
2037115528
2037423590
2037678199
2037790422
2037844399
2038173138
2038473843
2038687322
2038850396
2039002441
2039130910
2039418173
2039834833
2040392775
2040569581
2040640772
2040783604
2040973046
2041057467
2041088115
2041168170
2041287131
2041369713
2041937500
2041962423
2042862388
2042950426
2043066549
2043173918
2043224707
2043512498
2043691364
2043788010
2045094592
2045367923
2045676055
2045687517
2045715136
2045945590
2046462816
2046514939
2047123794
2047270349
2047408076
2047470204
2047498568
2047748980
2048805946
2048960452
2049105043
2049408217
2049437117
2049511456
2049711957
2050027404
2050146160
2050737454
2050942728
2051461996
2051692777
2052017101
2052297514
2052435077
2053052052
2053127622
2053333980
2053474093
2053780004
2053850732
2055159645
2055644911
2055753710
2056133903
2056138135
2056162068
2056171786
2056430229
2056471468
2056661961
2056850191
2057501301
2057623861
2057728126
2058060886
2058388135
2059791069
2060225562
2061372780
2061438403
2061682799
2062364204
2062884816
2062950127
2063246089
2063613329
2064149126
2064288541
2064309607
2064383977
2064476406
2064504774
2064931930
2065169933
2065263487
2065312788
2065570248
2065870857
2066039206
2066284130
2066297601
2066464117
2066732471
2066940846
2067024532
2067103637
2067389140
2067948850
2068067719
2068243468
2068263734
2068585352
2069585105
2070099799
2070112843
2070154417
2070483687
2070542762
2071355705
2071390579
2071695264
2071806874
2072119282
2072698887
2073460456
2073725646
2073735065
2073813518
2074630680
2075214725
2075583019
2075655252
2076125656
2076430116
2076905370
2077152762
2077155524
2077925581
2078538983
2078884586
2079149977
2079176636
2079442821
2079826138
2080507250
2080510770
2080663517
2081253639
2081509276
2081743278
2082055733
2082176119
2082293009
2082612614
2082847432
2083089022
2084034502
2084081936
2084297669
2084306409
2084410938
2084423970
2084619582
2084721673
2085083539
2085227063
2085242407
2087348786
2087409384
2087457948
2087532698
2087758809
2088034523
2088761361
2088858748
2089021682
2089292003
2089338339
2089436001
2090131959
2090416919
2090530935
2091210182
2091537116
2091935654
2092242831
2092384346
2092778332
2093053779
2093777612
2093850554
2094014468
2094260093
2094508740
2095176416
2095625645
2097171947
2097196505
2097456185
2097481629
2097657684
2098069098
2098115601
2099766254
2099819928
2100650905
2100704443
2100705519
2101088815
2101153890
2101436784
2101477123
2101497675
2101760777
2102019640
2102127427
2102309438
2102556149
2102661655
2103048446
2103071647
2103105382
2103304790
2103423779
2103635103
2104105857
2104372127
2104389125
2104699391
2104754195
2105294386
2105517199
2105581929
2105994854
2107219166
2107463086
2107466836
2107948804
2108350621
2108494470
2108668210
2109011490
2109028649
2109477304
2109589401
2109743899
2110304367
2110374885
2110455816
2110535737
2110890636
2111052336
2111650229
2111827019
2112247469
2112865923
2112955553
2113219167
2113435649
2113613164
2113750706
2113812004
2113963760
2114335840
2114340081
2114369836
2115215796
2115394996
2115404115
2115417263
2115730554
2115836244
2117251943
2118323779
2118528715
2118859997
2119111112
2119232137
2119793532
2119864052
2120218211
2120970802
2121382159
2121458896
2121591246
2121641301
2121721690
2121776969
2121997476
2122087012
2122122165
2122424376
2122457410
2122700906
2122924498
2122939645
2123331417
2123958334
2124008508
2124076357
2124262308
2124286904
2124607194
2124617918
2124790520
2124936698
2125013392
2125219468
2125427554
2125583957
2126457433
2126488352
2126689466
2126737116
2126781505
2127051305
2127179034
2127400042
2127414998
2127812168
2127851209
2128006566
2128085013
2130134567
2130139748
2130681560
2130853545
2130913956
2131295259
2131376884
2131473376
2131832827
2132019369
2132024354
2132057155
2132512137
2133017747
2133084187
2133130997
2133218044
2133576723
2133615444
2133622757
2134549716
2134759454
2134806059
2135202967
2135330604
2135516367
2135548394
2136073893
2136723023
2136735012
2136854838
2136953967
2137612048
2137753767
2137841872
2138108187
2138168256
2139295773
2139756872
2139964695
2140151913
2140496474
2141069562
2141147142
2141207229
2141275973
2141875272
2141882944
2142335800
2142408471
2142818821
2143300955
2143302149
2143318147
2143447570
2144283442
2144599301
2144615725
2144795673
2145671000
2146069152
2146113050
2146135152
2146151245
2146422407
2146665235
2146698172
2146759960
2146790037
2147028409
