2261774
3625819
4105734
4533711
5891043
6389863
8102805
8874103
11711309
11782383
11833257
13471012
16116905
19652420
19867139
19908834
22467430
22676980
24282736
25335203
25478793
25535393
25588090
27843626
28081931
28988338
29668285
31053910
31614236
32477045
32708469
33591551
34481673
35113174
36720796
37801359
40488029
42080422
43429786
43762205
43927089
45378109
47105016
47113726
47774266
48613932
50524222
51011127
51528801
52032704
52434910
53301294
55658523
55743734
57323861
58215662
59410663
59897801
60140449
61656835
61708135
62680539
66058804
68409379
68648572
70231825
71251536
72197706
72601169
76532862
77907704
78916728
79715401
81804573
82544471
83384444
85133982
85837110
86050699
89817013
89873419
90504716
92192643
92482751
95397895
97335644
97793371
98929137
99809623
100293630
100338191
104285851
104400774
104947508
105933918
105969278
107198261
107356480
108100089
108536576
110089914
111315903
113361536
113681521
114134070
115236116
117742439
118327571
119522438
120045340
120946419
122045941
122089362
122204407
122238581
123151577
124422711
124689097
127574857
128939303
131993921
132808212
134665608
135130331
136275945
141095817
142036846
142364162
142832995
143933447
144076352
144896381
146016624
147230739
147306119
147478940
148074245
148902224
150231736
150251837
152012652
152981220
153215072
154460079
155929957
157617491
161623292
161780702
165229330
166383230
167209524
167224126
167556509
171588856
171743235
172130747
175388051
176567867
178138852
178861676
180876151
180914463
184420740
184755666
185189075
185378548
187469644
190646709
193569550
193586078
194201156
194482310
196796027
198620560
200095146
200306412
200752815
202688906
208087827
208320666
208507174
208668857
212951340
215050973
215272344
215537400
216754601
217264431
217821434
217951622
218605982
218994457
219708668
220200028
220242339
221527576
223544838
225302376
225581136
227194341
227381420
228986005
229277495
230411341
230985782
231634380
233154190
233282930
234100542
234881080
237334193
237530800
238146554
240955594
241689727
241728170
243736168
245175535
245296758
246714796
246985781
247609117
248031806
250332393
251789737
253208642
253249124
253465937
254190341
254244113
255638977
257523804
261530068
264476413
264568364
265236089
265276779
265908801
266512914
268356159
268490207
269276680
270050371
270335610
270624687
270746623
272052574
274178011
275072825
276921456
277160708
278472236
278796732
278907804
280035756
280680438
281380292
281558570
282545046
282855362
284247628
285865238
285884080
286131527
286571194
286732228
288809992
290115348
292060569
295106423
295943468
298430184
301319646
301889137
303026473
303314603
303802839
304210879
304471029
305737861
306196476
307792699
308036795
310570629
311821966
313014678
313156642
313717594
314055322
315972164
318144358
318815878
319120041
319785297
320466682
322326368
322526633
323041190
323755887
324317662
324569696
325840483
327146924
328466013
328941942
329104525
330178072
330253994
331127989
331576775
331969320
332609396
333989606
335354081
337206693
337931806
338521467
339319509
339503013
340035089
340375811
340489975
341156962
341303699
341501255
341816651
342014071
344624140
346976907
349023579
349665897
349793855
350232777
352138685
354252739
354842966
357290937
358061020
359014202
359601429
361212166
363484758
364197081
364620355
366379134
370001846
372715148
374755105
374819653
377650894
377906442
378341745
378796208
378980009
379206993
380042464
380603519
381070227
382000187
382925252
383949420
387770968
388517278
389695726
389965479
390769308
391212841
393828113
394180582
395092296
395552713
397316236
397558862
397734244
397788583
400386691
401739966
402004250
402230619
402288485
404069240
405349285
405764149
407072581
408027902
408693546
408970545
409123487
409985154
410880882
412214693
413912898
415793857
417460025
417647207
418663409
419613229
421328573
421622723
421808315
424434823
424543022
427718436
427959022
428142641
428523580
428885811
429637963
429682292
430711242
431534879
435171535
436655213
436900072
438234109
440353018
441375413
444723456
446847378
447745075
449089747
452624838
453624897
456668940
457645538
457699312
458735700
459928968
460082775
460700696
461501347
462713693
464072022
465236660
465607081
465709254
466101883
467955341
468849857
475487319
475931763
477343651
477966754
478267654
478856561
479831034
481433531
481648384
487600041
488449981
490545369
491239992
491240725
492760781
493705047
494269164
496660041
498285149
498836758
499382007
499487100
500570804
502290008
502506989
503363616
503739501
504130482
504377689
505523361
506123091
506300581
506881206
508062596
509123691
509606487
509965828
510673207
512119437
512341677
512431725
512472144
513206375
515912865
515987664
516513577
524093490
525970532
526240701
526782415
527334825
527614786
528802727
529924132
531039477
533440088
534094603
534898959
535433033
535458005
536695926
538825296
542391130
543426164
543662743
544086381
545526338
546059416
547380402
554603941
555219450
557180381
557215440
557612866
559739642
560095308
560711254
560955609
561724986
563167914
563310141
565805183
565984627
567646231
568988454
570475116
571182318
571279136
573008326
576870754
579682119
579952121
580640453
582589707
583733687
584779749
585970499
587695346
588328789
588568082
591239524
591283976
593908092
594309440
596278143
599563644
599815312
601363369
601912590
603481860
604732266
605071669
605546432
605807646
607250258
608717693
610217794
611479831
613526086
614060958
614651747
617282741
617825885
618449642
619702846
620608923
621288536
622554213
622899555
623180054
623781807
626138372
626342230
627726387
628003539
628353983
629142285
629785659
630225549
631655913
634390488
635214719
635515953
636039351
636335067
637810512
638366066
639008891
640320116
641154962
642262850
642854314
643111264
643916945
644049197
644841548
645411796
647264677
647707863
648473464
648528696
649133420
650095618
650195759
652429008
653480592
653679312
654842657
655995261
657096308
659492104
659504422
660219813
661001726
661524356
661579781
661990386
662398140
667375822
668752541
671001641
675948567
677431293
678325657
680067430
680084639
680085483
681361521
681604532
683533383
686478248
689140389
689472860
689955831
691772274
693318627
695164213
695423721
695557211
698899742
699256948
699591818
700660137
701841235
702599880
702962881
706028357
706613551
707607344
710305650
712166518
713863626
717123132
717683134
717966571
720435733
721624460
722228804
724287727
726367371
726660165
728704765
730893396
733181846
734350023
734761034
735753373
736099809
740458052
740685980
741636180
741715519
742991414
746493486
746976893
747969532
749039540
750186432
750445977
750716327
751120177
751282414
755538420
756950819
757624678
757625831
757652757
760145987
763362960
764289861
764408347
765853644
766206365
768184503
768727844
769067201
769560884
770416509
771951447
772946981
774742714
775858177
776676043
778039622
780316895
781755962
782700414
783340567
783750576
784455613
784593612
785204957
785739069
785909912
785934344
786723314
787799162
787934157
788166154
788378723
792754005
794478082
798328843
798340109
798558778
800871123
802128544
804582663
805552923
806308873
808007011
809191146
809394336
810975427
811104773
811436234
812267141
812997844
814454727
814881129
815182976
815616052
817256727
817581530
817840754
820704070
821130296
824571728
824690021
825353223
827103054
831349320
831706753
833606658
833636412
834789266
835541397
837675486
837857766
838120089
838572880
840098484
841967404
843279617
844566978
845380953
847257017
848314653
848750106
848755745
849242789
849263201
849525268
850688983
851315948
851513666
851931190
853118936
854340223
855101341
857380337
857772752
857987833
858283463
859492479
859853653
860244919
861046109
862833430
862917037
864142509
865534104
866393558
866989075
867261181
867562354
867989049
869784010
870601312
870860452
872501255
873060147
873784614
874078760
874605968
875895589
877466948
880367634
880741257
881205472
883548298
885791872
886062490
886769508
888708089
890301450
891675909
892254721
892727454
893157023
893832179
896167619
896992677
898397972
899073684
900634789
901222942
902581747
903105276
903323762
904029655
904181558
905385678
906728780
908054949
910577297
910873757
911092007
912106931
913614798
915957642
916458840
917787793
919566382
919747860
920518105
921794463
923431759
923448869
923767329
924353940
925134473
927274014
929736334
929782183
930430394
931069460
932027363
933191828
933892446
934491595
937841308
938896706
938898634
938946691
939962312
943903056
945904112
946200345
946866065
947335629
948752782
949591973
953800691
954813858
954853726
956963973
958476537
959972859
959985177
967253006
968487153
968949920
971055329
973379556
974130945
974186990
974345555
974634706
977289153
978657923
980081430
980097205
980625565
983517095
983570566
983881502
984095323
984746724
987172234
988107692
988172121
991273757
991506130
992386976
993626056
993744226
994331277
995429285
995693692
996705973
998381136
1000338849
1000788879
1000964109
1002487538
1004320572
1006570063
1007223506
1007365590
1008075845
1008740557
1009221955
1009421793
1011896870
1011961917
1012191996
1012622328
1013224111
1013549052
1015560831
1017635737
1018305214
1018410566
1021775616
1021928977
1022328315
1022826811
1023580590
1023676169
1024048542
1025578909
1025738542
1026012427
1027216870
1029341842
1030100071
1030191058
1032030938
1032898248
1036036942
1036641744
1036801767
1036895970
1037370781
1037773382
1038371353
1038697438
1039151210
1039177580
1040246258
1040386813
1041068578
1042955827
1043283278
1044155262
1044447300
1046017858
1047950781
1049733884
1050697452
1054012993
1054692109
1054823820
1055172403
1055893110
1056851858
1057230418
1060570527
1061244388
1062453048
1064919135
1065617008
1066409038
1066581738
1067364633
1068491617
1068517492
1070811149
1071874847
1073135076
1074052854
1076843839
1083528388
1083718806
1084190840
1088576641
1089300635
1089344795
1089776876
1090072283
1090363803
1092308118
1092338984
1092562146
1093106152
1093127083
1094174752
1095216802
1095508131
1096539545
1097427971
1097786284
1098285781
1098294617
1098927117
1102121167
1102708726
1103190415
1106954205
1109590707
1110649018
1110942839
1113610162
1113824286
1113845850
1115669828
1117679433
1118489232
1118529592
1119362681
1120139855
1121882927
1123579518
1125475886
1126380102
1131787133
1133163613
1134393004
1134719985
1135877645
1136962040
1137397696
1138186570
1141512494
1142322333
1144201590
1144682052
1145044370
1145396539
1145864448
1145933277
1147701804
1147911491
1148219360
1148750844
1151337872
1153171809
1153528795
1153562055
1158126305
1160311676
1160833665
1161224697
1161854678
1163721964
1164804814
1165652059
1166347917
1167178081
1168022163
1169253775
1172168377
1172395050
1173458238
1173731337
1173742463
1173785803
1176772723
1178752017
1181941350
1182038199
1182061851
1182165775
1182824433
1183081795
1183493207
1183740779
1183964934
1184046389
1188972838
1192144399
1192554313
1192953232
1193137584
1193597469
1194773379
1195360661
1195569324
1195630173
1197929302
1198327352
1198660851
1199182607
1199719382
1200626149
1201611812
1202628019
1202841097
1203401826
1204358987
1205511040
1205753246
1207800902
1208370588
1209151242
1210904757
1211726992
1212952126
1213469529
1214765575
1215158065
1215271369
1216606306
1216795678
1218056628
1218890181
1219485313
1219694017
1220284864
1222173509
1222584302
1222962457
1224333046
1224851997
1226487518
1228937219
1229113917
1229144144
1230262551
1230998365
1236112127
1236536462
1236946306
1237214193
1237478865
1238089524
1238519605
1238743201
1239590867
1239906982
1240731801
1241329757
1242326793
1242378861
1242992201
1243322497
1243612841
1244742787
1250275325
1251718635
1251835643
1252011795
1252038597
1252587108
1253993044
1255447860
1256458992
1257235052
1257303421
1257920984
1258228221
1259231171
1260614714
1261666373
1261726844
1262058297
1262733469
1264015594
1264336154
1265816788
1265893224
1265983439
1266851763
1267243576
1267698703
1268547199
1268778193
1270226503
1272517338
1273158420
1280152884
1281344585
1283026902
1286151663
1287924905
1290621305
1291199639
1291894812
1292598186
1293112208
1293130564
1294360889
1295727085
1295777026
1296104352
1300671954
1303286543
1304784066
1304845242
1307403246
1308246179
1309411899
1309654329
1310219787
1312101220
1312712506
1312771362
1314314947
1315120521
1315265816
1316098095
1316935882
1319092260
1319879050
1320444680
1323538424
1328051620
1328873220
1329196275
1329773962
1331669422
1332336853
1335246290
1335631169
1336685835
1336691734
1336734886
1336952401
1338090512
1338195863
1338328026
1339699425
1340169040
1340403476
1340714660
1341028905
1341885469
1343564442
1343790912
1343962646
1344333254
1344479174
1344737752
1344880143
1344932765
1345518901
1346668121
1347905277
1348143170
1349630080
1350000510
1350160768
1350991190
1354032954
1354878837
1355524799
1355649339
1356139122
1356444180
1356812702
1357055684
1358531171
1362664060
1364908680
1366875155
1367026490
1367544323
1369395834
1369984428
1371896906
1374980432
1375389645
1375771471
1376174811
1376608181
1376906857
1377851170
1378086835
1378966541
1379619547
1379802570
1380207799
1380603149
1380855994
1381177513
1381361078
1382209321
1383931251
1384614922
1384956793
1385169975
1385987284
1386128117
1387974601
1389792733
1390455904
1391075569
1393087032
1394015938
1394313537
1395526466
1395855813
1397857075
1398534635
1399592648
1400482396
1402122349
1402652371
1402810862
1403788432
1404912766
1405986887
1406332877
1407399722
1408014454
1408385011
1409220461
1409266454
1410083655
1410633005
1411244676
1412155283
1412280442
1413011081
1416224970
1417212682
1418600950
1419661963
1419971566
1420282609
1421633085
1423300873
1423626767
1423627891
1424129925
1424142543
1425744669
1426946517
1427278262
1427774619
1428670081
1428898528
1430560912
1432350296
1433214419
1433783907
1437332397
1439094491
1439554085
1440783321
1440836566
1441063098
1441971383
1442165942
1444058947
1444291490
1444339283
1445359809
1445562355
1446085403
1446239754
1447063406
1447390919
1447523846
1447539964
1450452623
1450652794
1451242216
1451714762
1452221690
1453346153
1454152153
1454518171
1454772219
1456077802
1456777133
1457803145
1458099923
1458177474
1458595991
1459282347
1460696006
1461060921
1462448993
1463003098
1463747729
1464945735
1465289393
1465432276
1466991885
1467166505
1467518142
1469350761
1473561293
1474427597
1475953212
1476492000
1479572000
1479853374
1480040575
1480657459
1481966680
1483155269
1483589735
1484851633
1485314416
1485814384
1486050032
1486525093
1487737976
1488418710
1489491829
1489620915
1493327833
1494019413
1494065154
1494557098
1495587748
1497372883
1497700128
1499977712
1502050247
1502116503
1502786801
1503621977
1505667481
1505863245
1506621465
1506640603
1506999741
1508454644
1509191129
1509503748
1509793923
1510142099
1511632354
1515071857
1515691191
1519558101
1524676559
1525505827
1533232697
1535229102
1535732729
1538483638
1538731415
1540110471
1543449904
1547415403
1548840208
1549698355
1550356362
1550446201
1552781207
1553852425
1557788475
1558413128
1558492530
1558837583
1560023083
1560513035
1560686196
1560997716
1564685511
1566197172
1566634382
1566946335
1567581083
1568529220
1571582171
1571761392
1571951721
1572462728
1572580483
1572824843
1573963089
1574000903
1574673958
1575966597
1577400974
1580634325
1582000233
1583629756
1586010591
1589787620
1590195380
1590988239
1591448360
1591550361
1592304447
1594635291
1595330039
1595501131
1596061596
1596971638
1597591918
1599447106
1601673881
1602239596
1602433312
1604951335
1606426013
1606959424
1607746115
1608594275
1609075724
1609806577
1612237529
1612377709
1612616624
1616678764
1619126209
1622556545
1623352250
1623781935
1625322412
1629222601
1630893767
1635255863
1638561176
1639385201
1639600730
1639759664
1640648329
1641192519
1641276453
1641461871
1642491451
1643419473
1643840684
1645647017
1645940975
1646968233
1648525233
1648720660
1649064455
1650164645
1651319457
1654333987
1654966615
1655550764
1656950235
1658737393
1659044323
1659511182
1660156112
1661027927
1661108428
1661915396
1662495408
1663133854
1663206017
1664141406
1664184008
1664947872
1665205398
1665950494
1667140783
1669547362
1669576501
1670597252
1670962483
1671718396
1671943188
1672741486
1673023833
1673341358
1673562975
1675221092
1675286280
1677286141
1677771496
1678104539
1680972940
1681625380
1685390192
1685666193
1685689543
1686364795
1686501979
1687959305
1688811052
1689944768
1690433786
1692153561
1692718593
1693726850
1693839974
1695617039
1696221104
1700854211
1700899671
1701308127
1702001826
1702556059
1702898404
1704268681
1704703323
1706092309
1707092877
1707109503
1707681787
1707914230
1709007338
1709935466
1709958984
1709994610
1710949903
1711610216
1712074387
1712490675
1712525632
1712937853
1713832702
1713886678
1716766951
1717259985
1719435790
1719572805
1720518896
1722537279
1722621668
1722957880
1724315913
1724671648
1725807227
1725947918
1726607280
1726917723
1727011423
1727256653
1727996189
1728479896
1730860920
1732112351
1732335505
1733407927
1734930837
1735103182
1735664900
1735823670
1736820540
1737924282
1738553669
1738678046
1740927076
1741062725
1741427498
1743033642
1744043115
1744826761
1745796799
1748612379
1750681765
1750946775
1751120130
1757690240
1760554123
1763542979
1766222385
1767028656
1768112172
1770506448
1770704208
1772229264
1773109364
1773270375
1773975184
1774904583
1775708565
1778684360
1779650361
1780229910
1782867404
1784272093
1784802617
1785823636
1787186453
1787741009
1787748360
1789152972
1790082470
1790420834
1790442632
1790690785
1790716449
1792149943
1795543388
1795850871
1796220053
1797266865
1798962196
1800138744
1800783324
1801320841
1801792703
1802338288
1804665731
1805093672
1805543933
1814553014
1814651120
1815575873
1816294781
1817009733
1821000339
1823227191
1823669107
1824368750
1824715909
1825807300
1825940560
1826535997
1829584264
1832851069
1833625864
1833752228
1834609423
1835681339
1836112527
1838360284
1838741437
1839189534
1841103385
1841265267
1843734195
1844722985
1845803580
1849999285
1850315300
1852706338
1853512512
1853587175
1854158527
1854475197
1855412195
1857451340
1859060528
1861612926
1861802058
1864475198
1868667616
1869225904
1869843820
1869990701
1872402135
1873700875
1874531907
1874945346
1875921863
1875930419
1878347829
1879226512
1881150427
1884830861
1885604235
1887409370
1889661864
1891264278
1891265559
1893430130
1893954014
1894395549
1897081300
1898613625
1900093044
1900496234
1903079710
1903484234
1905491116
1906557691
1910228658
1912895810
1912922115
1912931595
1915796721
1916453364
1916625757
1917556557
1919844606
1920049483
1920540202
1921939968
1922181968
1923266956
1924382193
1924722518
1925892519
1925958632
1926841479
1927536691
1927671730
1927861187
1929740060
1931879857
1932650524
1933534821
1935553542
1936084379
1936799928
1938239592
1940970971
1941438815
1942621016
1942791858
1944741816
1946352980
1947402820
1947538869
1948608002
1951486201
1952072309
1953557425
1956159343
1956239969
1956534371
1957547311
1960640545
1961009881
1963232036
1966303354
1969185813
1971045824
1971189114
1972129588
1973706964
1974089913
1975017383
1978368569
1979698598
1979952471
1981547903
1982971742
1983479528
1985065050
1985213440
1987915143
1989941159
1990098561
1991341463
1992148311
1992342753
1992567992
1992871433
1994739517
1994777023
1994790864
1995144276
1995809218
1996723239
1999812759
2000433539
2000727932
2000775604
2000972452
2002507135
2005355729
2009013915
2009371392
2010715486
2011466586
2012385260
2015674667
2016018825
2016091587
2016262988
2017316145
2017867479
2020018282
2020129253
2020203132
2020772558
2021150008
2022084191
2022356286
2023439488
2024333297
2024668752
2026684794
2029037665
2029148791
2029204519
2030580673
2032115431
2032267509
2034376452
2035127010
2035312996
2035907214
2036401665
2036409639
2037678199
2038850396
2039418173
2040973046
2041088115
2041937500
2041962423
2042862388
2045094592
2047270349
2047470204
2048960452
2049105043
2049408217
2049511456
2051461996
2051692777
2053127622
2056133903
2057623861
2061372780
2061438403
2063613329
2065169933
2065312788
2065870857
2067103637
2067948850
2068243468
2068263734
2069585105
2070483687
2070542762
2072698887
2073735065
2074630680
2075655252
2077925581
2078884586
2080507250
2081509276
2082176119
2082293009
2082847432
2083089022
2084297669
2087758809
2089021682
2089292003
2091210182
2091935654
2092384346
2095176416
2095625645
2097481629
2098069098
2099766254
2099819928
2100705519
2101088815
2101436784
2101760777
2104699391
2104754195
2105294386
2105581929
2108494470
2109743899
2110535737
2111650229
2112247469
2113219167
2114369836
2115215796
2115836244
2117251943
2118528715
2119793532
2121776969
2122424376
2122700906
2124286904
2124936698
2126689466
2130681560
2130913956
2132019369
2132057155
2133084187
2136953967
2137612048
2137753767
2137841872
2138108187
2138168256
2141069562
2141207229
2141875272
2141882944
